Gun: stringer
Damage Tuple: [0, 21, 22, 25, 27, 62, 67]
0	1	2	3	4	5	6	7	8	9	10	11	12	13	14	15	16	17	18	19	20	21	22	23	24	25	26	27	28	29	30	31	32	33	34	35	36	37	38	39	40	41	42	43	44	45	46	47	48	49	50	51	52	53	54	55	56	57	58	59	60	61	62	63	64	65	66	67	68	69	70	71	72	73	74	75	76	77	78	79	80	81	82	83	84	85	86	87	88	89	90	91	92	93	94	95	96	97	98	99	100	101	102	103	104	105	106	107	108	109	110	111	112	113	114	115	116	117	118	119	120	121	122	123	124	125	126	127	128	129	130	131	132	133	134	135	136	137	138	139	140	141	142	143	144	145	146	147	148	149	150	151	152	153	154	155	156	157	158	159	160	161	162	163	164	165	166	167	168	169	170	171	172	173	174	175	176	177	178	179	180	181	182	183	184	185	186	187	188	189	190	191	192	193	194	195	196	197	198	199	200	
0	0	0	0	0	0	0	0	0	0	0	0	0	0	0	0	0	0	0	0	0	0	0	0	0	0	0	0	0	0	0	0	0	0	0	0	0	0	0	0	0	0	0	0	0	0	0	0	0	0	0	0	0	0	0	0	0	0	0	0	0	0	0	0	0	0	0	0	0	0	0	0	0	0	0	0	0	0	0	0	0	0	0	0	0	0	0	0	0	0	0	0	0	0	0	0	0	0	0	0	0	0	0	0	0	0	0	0	0	0	0	0	0	0	0	0	0	0	0	0	0	0	0	0	0	0	0	0	0	0	0	0	0	0	0	0	0	0	0	0	0	0	0	0	0	0	0	0	0	0	0	0	0	0	0	0	0	0	0	0	0	0	0	0	0	0	0	0	0	0	0	0	0	0	0	0	0	0	0	0	0	0	0	0	0	0	0	0	0	0	0	0	0	0	0	0	0	0	0	0	0	
1	0	0	0	0	0	0	0	0	0	0	0	0	0	0	0	0	0	0	0	0	1	0	0	0	0	0	0	0	0	0	0	0	0	0	0	0	0	0	0	0	0	1	0	0	0	0	0	0	0	0	0	0	0	0	0	0	0	0	0	0	0	0	1	0	0	0	0	0	0	0	0	0	0	0	0	0	0	0	0	0	0	0	0	1	0	0	0	0	0	0	0	0	0	0	0	0	0	0	0	0	0	0	0	0	1	0	0	0	0	0	0	0	0	0	0	0	0	0	0	0	0	0	0	0	0	1	0	0	0	0	0	0	0	0	0	0	0	0	0	0	0	0	0	0	0	0	1	0	0	0	0	0	0	0	0	0	0	0	0	0	0	0	0	0	0	0	0	1	0	0	0	0	0	0	0	0	0	0	0	0	0	0	0	0	0	0	0	0	1	0	0	0	0	0	0	0	0	0	0	0	
1	0	0	0	0	0	0	0	0	0	0	0	0	0	0	0	0	0	0	0	0	1	1	0	0	0	0	0	0	0	0	0	0	0	0	0	0	0	0	0	0	0	1	1	1	0	0	0	0	0	0	0	0	0	0	0	0	0	0	0	0	0	0	1	1	1	1	0	0	0	0	0	0	0	0	0	0	0	0	0	0	0	0	0	1	1	1	1	1	0	0	0	0	0	0	0	0	0	0	0	0	0	0	0	0	1	1	1	1	1	1	0	0	0	0	0	0	0	0	0	0	0	0	0	0	0	1	1	1	1	1	1	1	0	0	0	0	0	0	0	0	0	0	0	0	0	0	1	1	1	1	1	1	1	1	0	0	0	0	0	0	0	0	0	0	0	0	0	1	1	1	1	1	1	1	1	1	0	0	0	0	0	0	0	0	0	0	0	0	1	1	1	1	1	1	1	1	1	1	0	0	
1	0	0	0	0	0	0	0	0	0	0	0	0	0	0	0	0	0	0	0	0	1	1	0	0	1	0	0	0	0	0	0	0	0	0	0	0	0	0	0	0	0	1	1	1	0	1	1	0	0	1	0	0	0	0	0	0	0	0	0	0	0	0	1	1	1	1	1	1	1	0	1	1	0	0	1	0	0	0	0	0	0	0	0	1	1	1	1	2	1	1	1	1	1	1	0	1	1	0	0	1	0	0	0	0	1	1	1	1	2	2	1	1	2	1	1	1	1	1	1	0	1	1	0	0	1	1	1	1	1	2	2	2	1	2	2	1	1	2	1	1	1	1	1	1	0	1	2	1	1	2	2	2	2	2	2	2	2	1	2	2	1	1	2	1	1	1	1	2	2	1	2	3	2	2	3	3	2	2	2	2	2	2	1	2	2	1	1	2	2	2	2	2	3	3	2	3	4	3	2	3	
1	0	0	0	0	0	0	0	0	0	0	0	0	0	0	0	0	0	0	0	0	1	1	0	0	1	0	1	0	0	0	0	0	0	0	0	0	0	0	0	0	0	1	1	1	0	1	1	1	1	1	0	1	0	1	0	0	0	0	0	0	0	0	1	1	1	1	1	1	2	1	2	1	1	1	2	1	1	0	1	0	1	0	0	1	1	1	1	2	1	2	2	2	2	2	1	3	2	2	1	2	1	2	1	1	1	2	1	2	2	2	2	2	3	2	3	2	3	3	3	2	3	2	3	2	3	2	3	2	3	3	3	3	3	3	4	3	3	4	3	4	3	4	3	4	3	4	4	4	3	5	4	5	4	5	4	5	5	4	5	5	4	5	5	4	5	4	5	5	6	4	6	6	6	6	7	6	7	6	7	6	7	6	6	7	6	6	6	6	7	7	6	7	7	8	7	9	8	9	8	9	
1	0	0	0	0	0	0	0	0	0	0	0	0	0	0	0	0	0	0	0	0	1	1	0	0	1	0	1	0	0	0	0	0	0	0	0	0	0	0	0	0	0	1	1	1	0	1	1	1	1	1	0	1	0	1	0	0	0	0	0	0	0	1	1	1	1	1	1	1	2	1	2	1	1	1	2	1	1	0	1	0	1	0	1	2	1	1	2	2	2	2	2	2	2	2	1	3	2	2	1	2	1	2	1	2	2	3	1	3	3	3	3	3	3	3	3	3	3	3	3	2	3	2	3	3	4	3	4	3	4	4	5	4	5	4	5	4	5	5	4	4	4	4	4	4	4	6	5	5	5	7	6	7	6	7	6	7	6	7	7	7	5	7	6	6	6	6	7	8	7	7	9	9	9	9	10	9	10	9	10	9	10	8	9	9	9	9	10	9	11	10	10	11	12	12	12	13	13	13	13	14	
1	0	0	0	0	0	0	0	0	0	0	0	0	0	0	0	0	0	0	0	0	1	1	0	0	1	0	1	0	0	0	0	0	0	0	0	0	0	0	0	0	0	1	1	1	0	1	1	1	1	1	0	1	0	1	0	0	0	0	0	0	0	1	1	1	1	1	2	1	2	1	2	1	1	1	2	1	1	0	1	0	1	0	1	2	1	1	2	3	3	2	2	3	2	3	1	3	2	2	1	2	1	2	1	2	2	3	1	3	4	4	4	3	4	4	4	4	4	3	4	2	4	2	3	3	4	3	4	3	5	5	6	5	6	6	6	6	6	7	5	5	5	6	5	5	4	7	5	6	5	8	8	8	7	9	9	10	8	9	10	9	8	8	9	8	8	7	9	9	9	8	11	11	12	10	13	13	14	13	13	13	14	12	13	13	12	13	12	13	13	13	13	15	15	16	15	18	18	19	18	20	
Gun: spectre
Damage Tuple: [0, 18, 22, 26, 66, 78]
0	1	2	3	4	5	6	7	8	9	10	11	12	13	14	15	16	17	18	19	20	21	22	23	24	25	26	27	28	29	30	31	32	33	34	35	36	37	38	39	40	41	42	43	44	45	46	47	48	49	50	51	52	53	54	55	56	57	58	59	60	61	62	63	64	65	66	67	68	69	70	71	72	73	74	75	76	77	78	79	80	81	82	83	84	85	86	87	88	89	90	91	92	93	94	95	96	97	98	99	100	101	102	103	104	105	106	107	108	109	110	111	112	113	114	115	116	117	118	119	120	121	122	123	124	125	126	127	128	129	130	131	132	133	134	135	136	137	138	139	140	141	142	143	144	145	146	147	148	149	150	151	152	153	154	155	156	157	158	159	160	161	162	163	164	165	166	167	168	169	170	171	172	173	174	175	176	177	178	179	180	181	182	183	184	185	186	187	188	189	190	191	192	193	194	195	196	197	198	199	200	
0	0	0	0	0	0	0	0	0	0	0	0	0	0	0	0	0	0	0	0	0	0	0	0	0	0	0	0	0	0	0	0	0	0	0	0	0	0	0	0	0	0	0	0	0	0	0	0	0	0	0	0	0	0	0	0	0	0	0	0	0	0	0	0	0	0	0	0	0	0	0	0	0	0	0	0	0	0	0	0	0	0	0	0	0	0	0	0	0	0	0	0	0	0	0	0	0	0	0	0	0	0	0	0	0	0	0	0	0	0	0	0	0	0	0	0	0	0	0	0	0	0	0	0	0	0	0	0	0	0	0	0	0	0	0	0	0	0	0	0	0	0	0	0	0	0	0	0	0	0	0	0	0	0	0	0	0	0	0	0	0	0	0	0	0	0	0	0	0	0	0	0	0	0	0	0	0	0	0	0	0	0	0	0	0	0	0	0	0	0	0	0	0	0	0	0	0	0	0	0	0	
1	0	0	0	0	0	0	0	0	0	0	0	0	0	0	0	0	0	1	0	0	0	0	0	0	0	0	0	0	0	0	0	0	0	0	0	1	0	0	0	0	0	0	0	0	0	0	0	0	0	0	0	0	0	1	0	0	0	0	0	0	0	0	0	0	0	0	0	0	0	0	0	1	0	0	0	0	0	0	0	0	0	0	0	0	0	0	0	0	0	1	0	0	0	0	0	0	0	0	0	0	0	0	0	0	0	0	0	1	0	0	0	0	0	0	0	0	0	0	0	0	0	0	0	0	0	1	0	0	0	0	0	0	0	0	0	0	0	0	0	0	0	0	0	1	0	0	0	0	0	0	0	0	0	0	0	0	0	0	0	0	0	1	0	0	0	0	0	0	0	0	0	0	0	0	0	0	0	0	0	1	0	0	0	0	0	0	0	0	0	0	0	0	0	0	0	0	0	1	0	0	
1	0	0	0	0	0	0	0	0	0	0	0	0	0	0	0	0	0	1	0	0	0	1	0	0	0	0	0	0	0	0	0	0	0	0	0	1	0	0	0	1	0	0	0	1	0	0	0	0	0	0	0	0	0	1	0	0	0	1	0	0	0	1	0	0	0	1	0	0	0	0	0	1	0	0	0	1	0	0	0	1	0	0	0	1	0	0	0	1	0	1	0	0	0	1	0	0	0	1	0	0	0	1	0	0	0	1	0	1	0	1	0	1	0	0	0	1	0	0	0	1	0	0	0	1	0	1	0	1	0	1	0	1	0	1	0	0	0	1	0	0	0	1	0	1	0	1	0	1	0	1	0	1	0	1	0	1	0	0	0	1	0	1	0	1	0	1	0	1	0	1	0	1	0	1	0	1	0	1	0	1	0	1	0	1	0	1	0	1	0	1	0	1	0	1	0	1	0	2	0	1	
1	0	0	0	0	0	0	0	0	0	0	0	0	0	0	0	0	0	1	0	0	0	1	0	0	0	1	0	0	0	0	0	0	0	0	0	1	0	0	0	1	0	0	0	2	0	0	0	1	0	0	0	1	0	1	0	0	0	1	0	0	0	2	0	0	0	2	0	0	0	2	0	1	0	1	0	1	0	1	0	2	0	0	0	2	0	0	0	3	0	1	0	2	0	1	0	2	0	2	0	1	0	2	0	1	0	3	0	1	0	3	0	1	0	3	0	2	0	2	0	2	0	2	0	3	0	2	0	3	0	2	0	4	0	2	0	3	0	2	0	3	0	3	0	3	0	3	0	3	0	4	0	3	0	4	0	3	0	4	0	3	0	4	0	3	0	4	0	4	0	4	0	4	0	4	0	5	0	4	0	5	0	4	0	5	0	4	0	5	0	4	0	5	0	5	0	5	0	6	0	5	
1	0	0	0	0	0	0	0	0	0	0	0	0	0	0	0	0	0	1	0	0	0	1	0	0	0	1	0	0	0	0	0	0	0	0	0	1	0	0	0	1	0	0	0	2	0	0	0	1	0	0	0	1	0	1	0	0	0	1	0	0	0	2	0	0	0	3	0	0	0	2	0	1	0	1	0	1	0	1	0	2	0	0	0	3	0	0	0	4	0	1	0	3	0	1	0	2	0	2	0	1	0	3	0	1	0	4	0	1	0	5	0	1	0	4	0	2	0	3	0	3	0	2	0	4	0	2	0	5	0	2	0	7	0	2	0	5	0	3	0	4	0	4	0	4	0	5	0	3	0	7	0	3	0	8	0	4	0	7	0	4	0	6	0	5	0	5	0	7	0	5	0	8	0	5	0	10	0	5	0	9	0	6	0	8	0	7	0	7	0	8	0	7	0	10	0	7	0	13	0	7	
1	0	0	0	0	0	0	0	0	0	0	0	0	0	0	0	0	0	1	0	0	0	1	0	0	0	1	0	0	0	0	0	0	0	0	0	1	0	0	0	1	0	0	0	2	0	0	0	1	0	0	0	1	0	1	0	0	0	1	0	0	0	2	0	0	0	3	0	0	0	2	0	1	0	1	0	1	0	2	0	2	0	0	0	3	0	0	0	4	0	1	0	3	0	1	0	3	0	2	0	2	0	3	0	2	0	4	0	1	0	5	0	1	0	5	0	2	0	4	0	3	0	4	0	4	0	3	0	5	0	3	0	8	0	2	0	6	0	3	0	6	0	4	0	7	0	5	0	5	0	8	0	4	0	9	0	6	0	9	0	4	0	9	0	5	0	9	0	8	0	8	0	9	0	8	0	12	0	7	0	12	0	8	0	12	0	8	0	12	0	9	0	12	0	12	0	11	0	16	0	11	
Gun: bucky
Damage Tuple: [0, 7, 9, 11, 13, 17, 18, 20, 26, 40]
0	1	2	3	4	5	6	7	8	9	10	11	12	13	14	15	16	17	18	19	20	21	22	23	24	25	26	27	28	29	30	31	32	33	34	35	36	37	38	39	40	41	42	43	44	45	46	47	48	49	50	51	52	53	54	55	56	57	58	59	60	61	62	63	64	65	66	67	68	69	70	71	72	73	74	75	76	77	78	79	80	81	82	83	84	85	86	87	88	89	90	91	92	93	94	95	96	97	98	99	100	101	102	103	104	105	106	107	108	109	110	111	112	113	114	115	116	117	118	119	120	121	122	123	124	125	126	127	128	129	130	131	132	133	134	135	136	137	138	139	140	141	142	143	144	145	146	147	148	149	150	151	152	153	154	155	156	157	158	159	160	161	162	163	164	165	166	167	168	169	170	171	172	173	174	175	176	177	178	179	180	181	182	183	184	185	186	187	188	189	190	191	192	193	194	195	196	197	198	199	200	
0	0	0	0	0	0	0	0	0	0	0	0	0	0	0	0	0	0	0	0	0	0	0	0	0	0	0	0	0	0	0	0	0	0	0	0	0	0	0	0	0	0	0	0	0	0	0	0	0	0	0	0	0	0	0	0	0	0	0	0	0	0	0	0	0	0	0	0	0	0	0	0	0	0	0	0	0	0	0	0	0	0	0	0	0	0	0	0	0	0	0	0	0	0	0	0	0	0	0	0	0	0	0	0	0	0	0	0	0	0	0	0	0	0	0	0	0	0	0	0	0	0	0	0	0	0	0	0	0	0	0	0	0	0	0	0	0	0	0	0	0	0	0	0	0	0	0	0	0	0	0	0	0	0	0	0	0	0	0	0	0	0	0	0	0	0	0	0	0	0	0	0	0	0	0	0	0	0	0	0	0	0	0	0	0	0	0	0	0	0	0	0	0	0	0	0	0	0	0	0	0	
1	0	0	0	0	0	0	1	0	0	0	0	0	0	1	0	0	0	0	0	0	1	0	0	0	0	0	0	1	0	0	0	0	0	0	1	0	0	0	0	0	0	1	0	0	0	0	0	0	1	0	0	0	0	0	0	1	0	0	0	0	0	0	1	0	0	0	0	0	0	1	0	0	0	0	0	0	1	0	0	0	0	0	0	1	0	0	0	0	0	0	1	0	0	0	0	0	0	1	0	0	0	0	0	0	1	0	0	0	0	0	0	1	0	0	0	0	0	0	1	0	0	0	0	0	0	1	0	0	0	0	0	0	1	0	0	0	0	0	0	1	0	0	0	0	0	0	1	0	0	0	0	0	0	1	0	0	0	0	0	0	1	0	0	0	0	0	0	1	0	0	0	0	0	0	1	0	0	0	0	0	0	1	0	0	0	0	0	0	1	0	0	0	0	0	0	1	0	0	0	0	
1	0	0	0	0	0	0	1	0	1	0	0	0	0	1	0	1	0	1	0	0	1	0	1	0	1	0	1	1	0	1	0	1	0	1	1	1	1	0	1	0	1	1	1	1	1	1	0	1	1	1	1	1	1	1	1	1	1	1	1	1	1	1	2	1	1	1	1	1	1	2	1	2	1	1	1	1	2	1	2	1	2	1	1	2	1	2	1	2	1	2	2	1	2	1	2	1	2	2	2	2	1	2	1	2	2	2	2	2	2	1	2	2	2	2	2	2	2	2	2	2	2	2	2	2	2	3	2	2	2	2	2	2	3	2	3	2	2	2	2	3	2	3	2	3	2	2	3	2	3	2	3	2	3	3	2	3	2	3	2	3	3	3	3	2	3	2	3	3	3	3	3	3	2	3	3	3	3	3	3	3	3	3	3	3	3	3	3	3	4	3	3	3	3	3	3	4	3	4	3	3	
1	0	0	0	0	0	0	1	0	1	0	1	0	0	1	0	1	0	2	0	1	1	1	1	0	2	0	2	1	2	1	1	2	1	2	1	3	1	2	2	2	2	2	3	2	3	2	3	2	3	3	3	3	3	4	3	4	3	4	3	4	4	4	5	4	5	4	5	4	5	5	5	6	5	6	5	6	6	6	6	6	7	6	7	7	7	7	7	8	7	8	8	8	8	8	9	8	9	9	10	9	9	10	9	10	10	11	10	11	11	11	11	11	12	11	12	12	13	12	13	13	13	13	13	14	13	15	14	15	14	15	15	15	16	15	17	15	17	16	17	17	17	18	17	19	17	19	18	19	19	19	20	19	21	20	21	20	21	21	21	22	22	23	22	23	23	23	23	24	24	24	25	25	25	25	26	26	26	26	27	27	27	28	28	28	28	29	29	29	30	30	30	30	31	31	31	32	32	33	32	33	
1	0	0	0	0	0	0	1	0	1	0	1	0	1	1	0	1	0	2	0	2	1	2	1	1	2	1	3	1	3	1	3	2	3	3	3	4	2	4	3	5	3	5	4	5	5	5	6	5	7	5	7	6	8	7	8	8	8	9	8	10	9	11	10	11	11	12	12	12	13	13	14	14	15	15	16	16	17	17	18	18	19	19	20	21	21	22	22	24	23	25	25	26	26	27	28	28	30	30	32	31	33	33	34	35	36	37	37	39	39	41	41	43	43	44	45	46	48	48	50	50	52	52	54	55	56	58	58	60	60	63	63	65	66	67	69	69	72	72	75	75	77	78	80	82	82	85	85	88	88	91	92	94	96	97	99	100	103	103	106	107	110	111	113	115	117	119	120	123	124	127	128	131	132	135	137	139	141	143	146	147	150	152	155	156	159	161	164	166	169	171	173	176	178	181	183	187	188	192	193	197	
1	0	0	0	0	0	0	1	0	1	0	1	0	1	1	0	1	1	2	0	2	1	2	1	2	2	2	3	2	3	2	4	2	4	4	5	4	4	5	5	6	5	7	6	8	7	8	8	9	9	9	11	11	12	11	13	13	14	14	15	16	17	18	18	19	20	21	21	23	24	25	25	27	28	29	30	31	33	34	36	36	38	39	41	42	44	46	47	49	50	53	54	56	57	60	62	64	66	68	71	72	75	77	80	82	85	87	90	93	95	98	101	105	107	110	113	117	120	123	127	130	134	137	141	145	149	153	156	161	165	170	173	178	183	187	192	196	202	206	212	216	222	227	233	238	243	250	255	261	266	274	279	286	292	299	305	312	319	325	333	340	348	354	363	370	378	385	394	402	410	419	427	436	444	454	462	472	481	491	500	510	520	530	540	550	561	571	583	593	605	615	627	638	650	662	674	687	698	712	723	737	
1	0	0	0	0	0	0	1	0	1	0	1	0	1	1	0	1	1	3	0	2	1	2	1	2	3	2	4	2	4	2	5	3	4	5	6	7	4	7	6	8	6	9	9	10	11	10	12	11	14	12	15	16	18	18	17	20	20	22	21	25	26	28	29	29	32	32	35	35	39	41	43	45	45	49	50	53	54	59	62	64	67	68	73	74	79	81	86	90	93	98	99	105	107	113	116	123	128	132	138	140	148	151	159	163	171	177	183	191	194	203	208	218	223	233	241	249	258	263	275	281	293	300	312	322	332	344	350	364	373	388	396	411	424	436	450	459	477	487	505	516	534	549	565	582	593	614	628	649	662	685	703	722	742	758	782	799	824	841	867	889	913	936	956	984	1006	1034	1056	1087	1113	1141	1169	1194	1226	1253	1286	1313	1348	1380	1413	1446	1476	1514	1546	1584	1617	1658	1696	1734	1774	1809	1853	1891	1936	1975	2022	2067	2111	2158	2199	2251	
1	0	0	0	0	0	0	1	0	1	0	1	0	1	1	0	1	1	3	0	3	1	2	1	2	3	2	5	2	5	2	6	3	5	6	6	8	5	10	6	11	7	11	10	12	14	12	17	13	19	14	21	19	23	24	23	28	25	32	27	36	33	39	39	41	46	44	52	48	58	55	64	64	68	73	73	81	79	91	89	100	100	107	112	115	125	125	138	138	151	153	163	169	175	186	189	204	207	223	227	240	248	258	271	278	296	302	321	329	345	356	371	387	398	419	430	453	465	486	502	521	541	558	583	600	628	646	671	693	718	744	767	798	822	855	880	912	942	973	1007	1037	1075	1107	1148	1182	1221	1260	1299	1342	1380	1429	1470	1520	1564	1613	1662	1711	1766	1814	1874	1926	1988	2043	2104	2166	2227	2294	2355	2429	2493	2570	2639	2714	2790	2866	2948	3024	3114	3194	3287	3372	3464	3557	3650	3750	3844	3952	4051	4163	4267	4379	4492	4605	4726	4841	4970	5091	5225	5352	5486	5623	
1	0	0	0	0	0	0	1	0	1	0	1	0	1	1	0	1	1	3	0	3	1	2	1	2	3	3	5	2	5	2	6	3	6	6	7	8	6	10	7	12	7	12	11	15	14	15	18	15	20	16	24	22	28	26	28	30	31	35	33	42	40	47	45	51	53	56	59	60	69	70	78	79	86	88	93	97	103	113	117	126	128	137	143	150	158	167	178	185	196	204	216	225	234	246	258	274	285	302	313	328	341	355	374	391	413	428	449	466	488	506	529	554	576	604	626	657	681	711	736	767	799	832	868	902	941	974	1012	1048	1092	1135	1180	1226	1271	1321	1368	1418	1471	1527	1583	1641	1701	1764	1829	1893	1957	2027	2098	2174	2248	2331	2411	2494	2576	2661	2754	2846	2946	3040	3145	3247	3356	3461	3575	3693	3810	3935	4056	4193	4322	4463	4596	4741	4888	5040	5196	5355	5525	5688	5863	6033	6218	6403	6596	6790	6989	7199	7407	7624	7842	8072	8302	8540	8782	9034	9292	9554	9821	10093	10374	10663	
1	0	0	0	0	0	0	1	0	1	0	1	0	1	1	0	1	1	3	0	3	1	2	1	2	3	3	5	2	5	2	6	3	6	6	7	8	6	10	7	13	7	12	11	15	14	15	19	15	21	16	25	22	29	27	28	31	32	38	33	45	41	49	46	53	56	59	64	62	74	72	84	82	92	94	100	105	109	123	124	139	135	149	154	165	172	182	197	200	217	220	241	247	263	273	286	305	317	340	346	373	382	404	420	444	469	487	513	528	562	578	613	636	668	698	726	762	790	834	860	906	934	981	1022	1067	1113	1156	1209	1248	1309	1355	1421	1473	1534	1594	1654	1723	1788	1867	1929	2014	2083	2168	2249	2337	2426	2514	2611	2702	2810	2909	3024	3130	3244	3359	3480	3608	3736	3874	4005	4153	4290	4442	4597	4760	4923	5091	5265	5441	5631	5818	6017	6214	6422	6634	6850	7078	7313	7555	7792	8047	8301	8571	8845	9127	9415	9713	10018	10326	10652	10981	11326	11670	12026	12393	12772	13162	13557	13967	14379	14816	
Gun: judge
Damage Tuple: [0, 5, 7, 8, 10, 14, 17, 20, 34]
0	1	2	3	4	5	6	7	8	9	10	11	12	13	14	15	16	17	18	19	20	21	22	23	24	25	26	27	28	29	30	31	32	33	34	35	36	37	38	39	40	41	42	43	44	45	46	47	48	49	50	51	52	53	54	55	56	57	58	59	60	61	62	63	64	65	66	67	68	69	70	71	72	73	74	75	76	77	78	79	80	81	82	83	84	85	86	87	88	89	90	91	92	93	94	95	96	97	98	99	100	101	102	103	104	105	106	107	108	109	110	111	112	113	114	115	116	117	118	119	120	121	122	123	124	125	126	127	128	129	130	131	132	133	134	135	136	137	138	139	140	141	142	143	144	145	146	147	148	149	150	151	152	153	154	155	156	157	158	159	160	161	162	163	164	165	166	167	168	169	170	171	172	173	174	175	176	177	178	179	180	181	182	183	184	185	186	187	188	189	190	191	192	193	194	195	196	197	198	199	200	
0	0	0	0	0	0	0	0	0	0	0	0	0	0	0	0	0	0	0	0	0	0	0	0	0	0	0	0	0	0	0	0	0	0	0	0	0	0	0	0	0	0	0	0	0	0	0	0	0	0	0	0	0	0	0	0	0	0	0	0	0	0	0	0	0	0	0	0	0	0	0	0	0	0	0	0	0	0	0	0	0	0	0	0	0	0	0	0	0	0	0	0	0	0	0	0	0	0	0	0	0	0	0	0	0	0	0	0	0	0	0	0	0	0	0	0	0	0	0	0	0	0	0	0	0	0	0	0	0	0	0	0	0	0	0	0	0	0	0	0	0	0	0	0	0	0	0	0	0	0	0	0	0	0	0	0	0	0	0	0	0	0	0	0	0	0	0	0	0	0	0	0	0	0	0	0	0	0	0	0	0	0	0	0	0	0	0	0	0	0	0	0	0	0	0	0	0	0	0	0	0	
1	0	0	0	0	1	0	0	0	0	1	0	0	0	0	1	0	0	0	0	1	0	0	0	0	1	0	0	0	0	1	0	0	0	0	1	0	0	0	0	1	0	0	0	0	1	0	0	0	0	1	0	0	0	0	1	0	0	0	0	1	0	0	0	0	1	0	0	0	0	1	0	0	0	0	1	0	0	0	0	1	0	0	0	0	1	0	0	0	0	1	0	0	0	0	1	0	0	0	0	1	0	0	0	0	1	0	0	0	0	1	0	0	0	0	1	0	0	0	0	1	0	0	0	0	1	0	0	0	0	1	0	0	0	0	1	0	0	0	0	1	0	0	0	0	1	0	0	0	0	1	0	0	0	0	1	0	0	0	0	1	0	0	0	0	1	0	0	0	0	1	0	0	0	0	1	0	0	0	0	1	0	0	0	0	1	0	0	0	0	1	0	0	0	0	1	0	0	0	0	1	
1	0	0	0	0	1	0	1	0	0	1	0	1	0	1	1	0	1	0	1	1	1	1	0	1	1	1	1	1	1	1	1	1	1	1	2	1	1	1	1	2	1	2	1	1	2	1	2	1	2	2	1	2	1	2	2	2	2	1	2	2	2	2	2	2	2	2	2	2	2	3	2	2	2	2	3	2	3	2	2	3	2	3	2	3	3	2	3	2	3	3	3	3	2	3	3	3	3	3	3	3	3	3	3	3	4	3	3	3	3	4	3	4	3	3	4	3	4	3	4	4	3	4	3	4	4	4	4	3	4	4	4	4	4	4	4	4	4	4	4	5	4	4	4	4	5	4	5	4	4	5	4	5	4	5	5	4	5	4	5	5	5	5	4	5	5	5	5	5	5	5	5	5	5	5	6	5	5	5	5	6	5	6	5	5	6	5	6	5	6	6	5	6	5	6	6	6	6	5	6	6	
1	0	0	0	0	1	0	1	1	0	1	0	1	1	1	2	1	1	1	1	2	2	2	2	2	2	2	2	3	3	3	3	3	3	3	4	4	4	4	4	5	4	5	5	5	6	5	6	6	6	7	6	7	7	7	8	8	8	8	8	9	9	9	10	10	10	10	10	11	11	12	12	12	12	12	13	13	14	14	14	15	14	15	15	16	17	16	17	17	17	18	18	19	19	19	20	20	20	21	21	22	22	22	23	23	24	24	24	25	25	26	26	27	27	27	28	28	29	29	30	31	30	31	31	32	33	33	34	34	34	35	35	36	37	37	38	38	38	39	39	41	41	41	42	42	43	43	44	45	45	46	46	47	47	48	49	49	50	50	51	52	52	53	53	54	55	55	56	57	57	58	58	59	60	60	62	62	62	63	63	65	65	66	67	67	68	68	69	70	71	72	72	73	73	74	75	76	77	77	78	79	
1	0	0	0	0	1	0	1	1	0	2	0	1	1	1	3	1	2	2	1	4	2	3	3	3	5	3	4	5	4	7	5	6	6	6	9	7	8	9	8	12	9	11	11	11	15	12	14	15	14	19	15	18	18	18	23	20	22	23	22	28	24	27	28	28	33	30	32	34	33	40	36	39	40	40	46	43	46	48	47	55	50	54	55	56	63	59	63	65	64	73	68	73	74	75	83	79	83	86	85	95	90	95	97	98	107	103	107	111	110	121	116	122	124	125	135	131	136	140	140	152	146	153	155	157	168	164	170	174	174	187	181	189	192	194	206	202	208	213	213	228	222	230	234	236	249	245	252	258	258	274	268	277	281	284	298	294	302	308	309	326	320	330	334	338	353	349	358	365	366	384	378	389	394	398	415	411	420	428	429	449	443	455	461	465	483	479	489	498	500	521	515	528	534	539	558	555	566	575	578	600	
1	0	0	0	0	1	0	1	1	0	2	0	1	1	2	3	1	2	2	2	4	3	4	3	5	5	4	5	7	7	8	7	8	8	10	12	11	11	14	13	16	14	18	18	19	22	20	22	25	26	30	26	32	31	34	37	38	40	42	44	48	46	52	54	58	59	62	63	68	70	78	76	81	84	88	92	95	100	106	106	117	113	122	125	134	139	140	147	153	156	168	168	179	180	192	196	201	208	220	224	235	237	248	253	266	275	282	287	303	306	322	324	342	348	360	372	379	389	406	415	434	433	456	461	479	492	506	518	534	546	566	570	595	607	628	639	658	669	692	705	734	740	764	780	802	819	840	859	886	897	932	937	969	986	1018	1038	1058	1082	1110	1128	1166	1179	1216	1231	1270	1290	1318	1344	1383	1404	1442	1460	1499	1522	1564	1594	1627	1651	1698	1719	1767	1787	1838	1865	1907	1943	1978	2011	2062	2094	2148	2166	2226	2253	2306	2345	2393	2431	2482	2521	2578	
1	0	0	0	0	1	0	1	1	0	2	0	1	1	2	3	1	3	2	2	4	3	5	3	6	6	4	7	7	8	9	9	11	9	13	14	13	15	17	18	19	20	24	22	26	29	28	31	34	37	39	39	46	44	49	54	56	59	62	68	70	72	81	82	89	93	99	102	107	116	122	125	135	140	147	154	163	170	178	187	199	202	215	224	236	246	256	269	278	291	308	315	333	343	362	374	388	407	422	439	459	473	494	509	535	553	573	595	618	639	665	686	716	736	767	794	818	848	879	909	943	968	1009	1034	1074	1110	1145	1183	1220	1262	1302	1337	1389	1425	1476	1518	1567	1612	1660	1714	1768	1814	1874	1925	1985	2039	2102	2161	2223	2286	2357	2413	2487	2553	2630	2698	2772	2850	2924	3002	3091	3164	3255	3333	3431	3513	3604	3701	3796	3891	3995	4090	4197	4294	4414	4518	4629	4742	4862	4974	5100	5218	5351	5469	5608	5739	5869	6006	6152	6291	6442	6580	6744	6882	7048	7207	7367	7531	7700	7872	8047	
1	0	0	0	0	1	0	1	1	0	2	0	1	1	2	3	1	3	2	2	5	3	5	3	6	7	4	8	8	8	11	9	12	10	15	17	14	18	19	20	24	23	29	25	32	36	32	39	42	45	50	48	58	54	64	71	70	77	81	88	94	95	110	107	121	129	131	141	149	161	172	173	193	194	211	225	233	247	259	275	293	297	325	331	357	375	387	410	427	452	480	488	526	537	573	599	621	654	681	714	752	770	819	840	892	928	960	1005	1045	1091	1145	1174	1242	1273	1340	1393	1439	1502	1560	1623	1695	1738	1828	1874	1966	2038	2105	2188	2265	2353	2447	2511	2631	2698	2816	2911	3006	3114	3220	3337	3463	3552	3702	3799	3951	4077	4207	4349	4488	4639	4804	4924	5118	5251	5446	5609	5778	5964	6144	6339	6554	6716	6957	7132	7382	7590	7811	8050	8284	8530	8799	9014	9315	9545	9860	10127	10407	10706	11006	11313	11654	11934	12308	12601	12990	13329	13680	14056	14436	14821	15241	15594	16059	16427	16908	17334	17774	18237	18706	19185	19701	
1	0	0	0	0	1	0	1	1	0	2	0	1	1	2	3	1	3	2	2	5	3	5	3	6	7	4	8	8	8	11	9	12	10	16	17	14	18	19	21	24	24	30	25	34	36	33	40	44	48	51	51	60	56	69	74	75	80	87	95	98	103	118	115	132	138	143	151	165	178	186	191	212	215	235	249	263	272	293	311	326	337	369	379	408	426	447	466	496	526	555	568	613	632	671	702	739	769	813	852	895	921	984	1018	1078	1119	1172	1220	1280	1340	1408	1446	1535	1584	1666	1730	1808	1881	1968	2049	2142	2204	2324	2400	2521	2606	2718	2820	2936	3055	3186	3280	3444	3550	3711	3832	3990	4132	4298	4456	4635	4772	4982	5139	5359	5523	5742	5933	6154	6369	6612	6805	7086	7300	7588	7813	8102	8364	8665	8945	9272	9536	9893	10187	10568	10870	11255	11600	11995	12362	12789	13146	13613	14001	14495	14899	15389	15845	16365	16836	17396	17867	18462	18970	19602	20134	20766	21356	22024	22634	23343	23958	24724	25372	26180	26870	27667	28424	29274	30055	30956	
Gun: bulldog
Damage Tuple: [0, 29, 35, 115]
0	1	2	3	4	5	6	7	8	9	10	11	12	13	14	15	16	17	18	19	20	21	22	23	24	25	26	27	28	29	30	31	32	33	34	35	36	37	38	39	40	41	42	43	44	45	46	47	48	49	50	51	52	53	54	55	56	57	58	59	60	61	62	63	64	65	66	67	68	69	70	71	72	73	74	75	76	77	78	79	80	81	82	83	84	85	86	87	88	89	90	91	92	93	94	95	96	97	98	99	100	101	102	103	104	105	106	107	108	109	110	111	112	113	114	115	116	117	118	119	120	121	122	123	124	125	126	127	128	129	130	131	132	133	134	135	136	137	138	139	140	141	142	143	144	145	146	147	148	149	150	151	152	153	154	155	156	157	158	159	160	161	162	163	164	165	166	167	168	169	170	171	172	173	174	175	176	177	178	179	180	181	182	183	184	185	186	187	188	189	190	191	192	193	194	195	196	197	198	199	200	
0	0	0	0	0	0	0	0	0	0	0	0	0	0	0	0	0	0	0	0	0	0	0	0	0	0	0	0	0	0	0	0	0	0	0	0	0	0	0	0	0	0	0	0	0	0	0	0	0	0	0	0	0	0	0	0	0	0	0	0	0	0	0	0	0	0	0	0	0	0	0	0	0	0	0	0	0	0	0	0	0	0	0	0	0	0	0	0	0	0	0	0	0	0	0	0	0	0	0	0	0	0	0	0	0	0	0	0	0	0	0	0	0	0	0	0	0	0	0	0	0	0	0	0	0	0	0	0	0	0	0	0	0	0	0	0	0	0	0	0	0	0	0	0	0	0	0	0	0	0	0	0	0	0	0	0	0	0	0	0	0	0	0	0	0	0	0	0	0	0	0	0	0	0	0	0	0	0	0	0	0	0	0	0	0	0	0	0	0	0	0	0	0	0	0	0	0	0	0	0	0	
1	0	0	0	0	0	0	0	0	0	0	0	0	0	0	0	0	0	0	0	0	0	0	0	0	0	0	0	0	1	0	0	0	0	0	0	0	0	0	0	0	0	0	0	0	0	0	0	0	0	0	0	0	0	0	0	0	0	1	0	0	0	0	0	0	0	0	0	0	0	0	0	0	0	0	0	0	0	0	0	0	0	0	0	0	0	0	1	0	0	0	0	0	0	0	0	0	0	0	0	0	0	0	0	0	0	0	0	0	0	0	0	0	0	0	0	1	0	0	0	0	0	0	0	0	0	0	0	0	0	0	0	0	0	0	0	0	0	0	0	0	0	0	0	0	1	0	0	0	0	0	0	0	0	0	0	0	0	0	0	0	0	0	0	0	0	0	0	0	0	0	0	0	0	1	0	0	0	0	0	0	0	0	0	0	0	0	0	0	0	0	0	0	0	0	0	0	0	0	0	0	
1	0	0	0	0	0	0	0	0	0	0	0	0	0	0	0	0	0	0	0	0	0	0	0	0	0	0	0	0	1	0	0	0	0	0	1	0	0	0	0	0	0	0	0	0	0	0	0	0	0	0	0	0	0	0	0	0	0	1	0	0	0	0	0	1	0	0	0	0	0	1	0	0	0	0	0	0	0	0	0	0	0	0	0	0	0	0	1	0	0	0	0	0	1	0	0	0	0	0	1	0	0	0	0	0	1	0	0	0	0	0	0	0	0	0	0	1	0	0	0	0	0	1	0	0	0	0	0	1	0	0	0	0	0	1	0	0	0	0	0	1	0	0	0	0	1	0	0	0	0	0	1	0	0	0	0	0	1	0	0	0	0	0	1	0	0	0	0	0	1	0	0	0	0	1	1	0	0	0	0	1	0	0	0	0	0	1	0	0	0	0	0	1	0	0	0	0	0	1	0	0	
1	0	0	0	0	0	0	0	0	0	0	0	0	0	0	0	0	0	0	0	0	0	0	0	0	0	0	0	0	1	0	0	0	0	0	1	0	0	0	0	0	0	0	0	0	0	0	0	0	0	0	0	0	0	0	0	0	0	1	0	0	0	0	0	1	0	0	0	0	0	1	0	0	0	0	0	0	0	0	0	0	0	0	0	0	0	0	1	0	0	0	0	0	1	0	0	0	0	0	1	0	0	0	0	0	1	0	0	0	0	0	0	0	0	0	1	1	0	0	0	0	0	1	0	0	0	0	0	1	0	0	0	0	0	1	0	0	0	0	0	1	0	0	0	1	1	0	0	0	0	1	1	0	0	0	0	0	1	0	0	0	0	0	1	0	0	0	0	0	1	0	0	0	1	1	1	0	0	0	1	1	0	0	0	0	1	1	0	0	0	0	0	1	0	0	0	0	0	1	0	0	
Gun: guardian
Damage Tuple: [0, 48, 65, 195]
0	1	2	3	4	5	6	7	8	9	10	11	12	13	14	15	16	17	18	19	20	21	22	23	24	25	26	27	28	29	30	31	32	33	34	35	36	37	38	39	40	41	42	43	44	45	46	47	48	49	50	51	52	53	54	55	56	57	58	59	60	61	62	63	64	65	66	67	68	69	70	71	72	73	74	75	76	77	78	79	80	81	82	83	84	85	86	87	88	89	90	91	92	93	94	95	96	97	98	99	100	101	102	103	104	105	106	107	108	109	110	111	112	113	114	115	116	117	118	119	120	121	122	123	124	125	126	127	128	129	130	131	132	133	134	135	136	137	138	139	140	141	142	143	144	145	146	147	148	149	150	151	152	153	154	155	156	157	158	159	160	161	162	163	164	165	166	167	168	169	170	171	172	173	174	175	176	177	178	179	180	181	182	183	184	185	186	187	188	189	190	191	192	193	194	195	196	197	198	199	200	
0	0	0	0	0	0	0	0	0	0	0	0	0	0	0	0	0	0	0	0	0	0	0	0	0	0	0	0	0	0	0	0	0	0	0	0	0	0	0	0	0	0	0	0	0	0	0	0	0	0	0	0	0	0	0	0	0	0	0	0	0	0	0	0	0	0	0	0	0	0	0	0	0	0	0	0	0	0	0	0	0	0	0	0	0	0	0	0	0	0	0	0	0	0	0	0	0	0	0	0	0	0	0	0	0	0	0	0	0	0	0	0	0	0	0	0	0	0	0	0	0	0	0	0	0	0	0	0	0	0	0	0	0	0	0	0	0	0	0	0	0	0	0	0	0	0	0	0	0	0	0	0	0	0	0	0	0	0	0	0	0	0	0	0	0	0	0	0	0	0	0	0	0	0	0	0	0	0	0	0	0	0	0	0	0	0	0	0	0	0	0	0	0	0	0	0	0	0	0	0	0	
1	0	0	0	0	0	0	0	0	0	0	0	0	0	0	0	0	0	0	0	0	0	0	0	0	0	0	0	0	0	0	0	0	0	0	0	0	0	0	0	0	0	0	0	0	0	0	0	1	0	0	0	0	0	0	0	0	0	0	0	0	0	0	0	0	0	0	0	0	0	0	0	0	0	0	0	0	0	0	0	0	0	0	0	0	0	0	0	0	0	0	0	0	0	0	0	1	0	0	0	0	0	0	0	0	0	0	0	0	0	0	0	0	0	0	0	0	0	0	0	0	0	0	0	0	0	0	0	0	0	0	0	0	0	0	0	0	0	0	0	0	0	0	0	1	0	0	0	0	0	0	0	0	0	0	0	0	0	0	0	0	0	0	0	0	0	0	0	0	0	0	0	0	0	0	0	0	0	0	0	0	0	0	0	0	0	0	0	0	0	0	0	1	0	0	0	0	0	0	0	0	
1	0	0	0	0	0	0	0	0	0	0	0	0	0	0	0	0	0	0	0	0	0	0	0	0	0	0	0	0	0	0	0	0	0	0	0	0	0	0	0	0	0	0	0	0	0	0	0	1	0	0	0	0	0	0	0	0	0	0	0	0	0	0	0	0	1	0	0	0	0	0	0	0	0	0	0	0	0	0	0	0	0	0	0	0	0	0	0	0	0	0	0	0	0	0	0	1	0	0	0	0	0	0	0	0	0	0	0	0	0	0	0	0	1	0	0	0	0	0	0	0	0	0	0	0	0	0	0	0	0	1	0	0	0	0	0	0	0	0	0	0	0	0	0	1	0	0	0	0	0	0	0	0	0	0	0	0	0	0	0	0	1	0	0	0	0	0	0	0	0	0	0	0	0	0	0	0	0	1	0	0	0	0	0	0	0	0	0	0	0	0	0	1	0	0	1	0	0	0	0	0	
1	0	0	0	0	0	0	0	0	0	0	0	0	0	0	0	0	0	0	0	0	0	0	0	0	0	0	0	0	0	0	0	0	0	0	0	0	0	0	0	0	0	0	0	0	0	0	0	1	0	0	0	0	0	0	0	0	0	0	0	0	0	0	0	0	1	0	0	0	0	0	0	0	0	0	0	0	0	0	0	0	0	0	0	0	0	0	0	0	0	0	0	0	0	0	0	1	0	0	0	0	0	0	0	0	0	0	0	0	0	0	0	0	1	0	0	0	0	0	0	0	0	0	0	0	0	0	0	0	0	1	0	0	0	0	0	0	0	0	0	0	0	0	0	1	0	0	0	0	0	0	0	0	0	0	0	0	0	0	0	0	1	0	0	0	0	0	0	0	0	0	0	0	0	0	0	0	0	1	0	0	0	0	0	0	0	0	0	0	0	0	0	1	0	0	2	0	0	0	0	0	
Gun: phantom
Damage Tuple: [0, 26, 29, 31, 33, 35, 39, 124, 140, 156]
0	1	2	3	4	5	6	7	8	9	10	11	12	13	14	15	16	17	18	19	20	21	22	23	24	25	26	27	28	29	30	31	32	33	34	35	36	37	38	39	40	41	42	43	44	45	46	47	48	49	50	51	52	53	54	55	56	57	58	59	60	61	62	63	64	65	66	67	68	69	70	71	72	73	74	75	76	77	78	79	80	81	82	83	84	85	86	87	88	89	90	91	92	93	94	95	96	97	98	99	100	101	102	103	104	105	106	107	108	109	110	111	112	113	114	115	116	117	118	119	120	121	122	123	124	125	126	127	128	129	130	131	132	133	134	135	136	137	138	139	140	141	142	143	144	145	146	147	148	149	150	151	152	153	154	155	156	157	158	159	160	161	162	163	164	165	166	167	168	169	170	171	172	173	174	175	176	177	178	179	180	181	182	183	184	185	186	187	188	189	190	191	192	193	194	195	196	197	198	199	200	
0	0	0	0	0	0	0	0	0	0	0	0	0	0	0	0	0	0	0	0	0	0	0	0	0	0	0	0	0	0	0	0	0	0	0	0	0	0	0	0	0	0	0	0	0	0	0	0	0	0	0	0	0	0	0	0	0	0	0	0	0	0	0	0	0	0	0	0	0	0	0	0	0	0	0	0	0	0	0	0	0	0	0	0	0	0	0	0	0	0	0	0	0	0	0	0	0	0	0	0	0	0	0	0	0	0	0	0	0	0	0	0	0	0	0	0	0	0	0	0	0	0	0	0	0	0	0	0	0	0	0	0	0	0	0	0	0	0	0	0	0	0	0	0	0	0	0	0	0	0	0	0	0	0	0	0	0	0	0	0	0	0	0	0	0	0	0	0	0	0	0	0	0	0	0	0	0	0	0	0	0	0	0	0	0	0	0	0	0	0	0	0	0	0	0	0	0	0	0	0	0	
1	0	0	0	0	0	0	0	0	0	0	0	0	0	0	0	0	0	0	0	0	0	0	0	0	0	1	0	0	0	0	0	0	0	0	0	0	0	0	0	0	0	0	0	0	0	0	0	0	0	0	0	1	0	0	0	0	0	0	0	0	0	0	0	0	0	0	0	0	0	0	0	0	0	0	0	0	0	1	0	0	0	0	0	0	0	0	0	0	0	0	0	0	0	0	0	0	0	0	0	0	0	0	0	1	0	0	0	0	0	0	0	0	0	0	0	0	0	0	0	0	0	0	0	0	0	0	0	0	0	1	0	0	0	0	0	0	0	0	0	0	0	0	0	0	0	0	0	0	0	0	0	0	0	0	0	1	0	0	0	0	0	0	0	0	0	0	0	0	0	0	0	0	0	0	0	0	0	0	0	0	0	1	0	0	0	0	0	0	0	0	0	0	0	0	0	0	0	0	0	0	
1	0	0	0	0	0	0	0	0	0	0	0	0	0	0	0	0	0	0	0	0	0	0	0	0	0	1	0	0	1	0	0	0	0	0	0	0	0	0	0	0	0	0	0	0	0	0	0	0	0	0	0	1	0	0	1	0	0	1	0	0	0	0	0	0	0	0	0	0	0	0	0	0	0	0	0	0	0	1	0	0	1	0	0	1	0	0	1	0	0	0	0	0	0	0	0	0	0	0	0	0	0	0	0	1	0	0	1	0	0	1	0	0	1	0	0	1	0	0	0	0	0	0	0	0	0	0	0	0	0	1	0	0	1	0	0	1	0	0	1	0	0	1	0	0	1	0	0	0	0	0	0	0	0	0	0	1	0	0	1	0	0	1	0	0	1	0	0	1	0	0	1	0	0	1	0	0	0	0	0	0	0	1	0	0	1	0	0	1	0	0	1	0	0	1	0	0	1	0	0	1	
1	0	0	0	0	0	0	0	0	0	0	0	0	0	0	0	0	0	0	0	0	0	0	0	0	0	1	0	0	1	0	1	0	0	0	0	0	0	0	0	0	0	0	0	0	0	0	0	0	0	0	0	1	0	0	1	0	1	1	0	1	0	1	0	0	0	0	0	0	0	0	0	0	0	0	0	0	0	1	0	0	1	0	1	1	0	1	1	1	1	0	1	0	1	0	0	0	0	0	0	0	0	0	0	1	0	0	1	0	1	1	0	1	1	1	1	1	1	1	1	1	0	1	0	1	0	0	0	0	0	1	0	0	1	0	1	1	0	1	1	1	1	1	1	1	2	1	1	1	1	1	1	0	1	0	1	1	0	0	1	0	1	1	0	1	1	1	1	1	1	1	2	1	1	2	1	2	1	1	1	1	1	2	0	1	1	1	1	1	0	1	1	1	1	1	1	1	2	1	1	2	
1	0	0	0	0	0	0	0	0	0	0	0	0	0	0	0	0	0	0	0	0	0	0	0	0	0	1	0	0	1	0	1	0	1	0	0	0	0	0	0	0	0	0	0	0	0	0	0	0	0	0	0	1	0	0	1	0	1	1	1	1	0	2	0	1	0	1	0	0	0	0	0	0	0	0	0	0	0	1	0	0	1	0	1	1	1	1	1	2	1	1	2	1	2	0	2	0	1	0	1	0	0	0	0	1	0	0	1	0	1	1	1	1	1	2	1	2	2	2	2	2	2	2	1	3	1	2	0	2	0	2	0	1	1	0	1	1	1	1	1	2	1	2	2	2	3	2	3	2	3	3	3	2	3	2	3	2	3	1	3	0	3	1	2	1	2	2	1	2	2	2	3	2	3	3	3	4	3	4	3	4	3	5	3	4	3	4	3	4	2	4	2	4	1	4	2	3	3	3	3	3	
1	0	0	0	0	0	0	0	0	0	0	0	0	0	0	0	0	0	0	0	0	0	0	0	0	0	1	0	0	1	0	1	0	1	0	1	0	0	0	0	0	0	0	0	0	0	0	0	0	0	0	0	1	0	0	1	0	1	1	1	1	1	2	0	2	0	2	0	1	0	1	0	0	0	0	0	0	0	1	0	0	1	0	1	1	1	1	2	2	1	2	2	2	3	1	3	1	3	0	3	0	2	0	1	1	1	0	1	0	1	1	1	1	2	2	1	3	2	3	3	3	3	4	3	4	3	4	2	5	1	5	1	4	1	3	1	3	1	2	2	3	1	3	2	3	4	3	4	4	5	4	6	4	6	5	6	5	7	4	7	3	7	3	7	2	7	3	5	3	5	3	6	3	5	5	6	5	6	6	6	8	6	9	7	9	7	10	7	10	7	10	7	11	5	11	5	10	6	10	5	10	
1	0	0	0	0	0	0	0	0	0	0	0	0	0	0	0	0	0	0	0	0	0	0	0	0	0	1	0	0	1	0	1	0	1	0	1	0	0	0	1	0	0	0	0	0	0	0	0	0	0	0	0	1	0	0	1	0	1	1	1	1	1	2	0	2	1	2	0	2	0	2	0	1	0	1	0	0	0	2	0	0	1	0	1	1	1	1	2	2	1	2	3	2	3	2	3	2	4	1	4	1	4	0	3	2	3	0	3	0	3	1	2	1	3	2	1	3	4	3	3	4	3	5	4	5	4	6	4	6	3	8	3	7	3	6	3	7	2	6	3	7	1	6	4	6	4	6	4	7	6	6	7	7	8	6	9	9	10	7	11	6	12	7	12	6	13	7	11	6	13	6	13	6	11	8	13	7	12	9	13	9	12	13	13	13	13	14	14	16	13	17	14	19	11	20	14	20	13	21	11	22	
1	0	0	0	0	0	0	0	0	0	0	0	0	0	0	0	0	0	0	0	0	0	0	0	0	0	1	0	0	1	0	1	0	1	0	1	0	0	0	1	0	0	0	0	0	0	0	0	0	0	0	0	1	0	0	1	0	1	1	1	1	1	2	0	2	1	2	0	2	0	2	0	1	0	1	0	0	0	2	0	0	1	0	1	1	1	1	2	2	1	2	3	2	3	2	3	2	4	1	4	1	4	0	3	2	3	0	3	0	3	1	2	1	3	2	1	3	4	3	3	4	3	5	4	6	4	6	4	6	3	8	3	7	3	6	3	7	2	6	3	7	1	6	4	6	4	6	4	7	6	7	7	7	9	6	10	9	11	7	12	6	12	7	13	6	13	7	11	6	13	6	13	6	11	8	13	8	12	9	14	9	13	14	14	14	14	16	14	18	14	19	14	21	11	22	14	21	13	22	11	22	
1	0	0	0	0	0	0	0	0	0	0	0	0	0	0	0	0	0	0	0	0	0	0	0	0	0	1	0	0	1	0	1	0	1	0	1	0	0	0	1	0	0	0	0	0	0	0	0	0	0	0	0	1	0	0	1	0	1	1	1	1	1	2	0	2	1	2	0	2	0	2	0	1	0	1	0	0	0	2	0	0	1	0	1	1	1	1	2	2	1	2	3	2	3	2	3	2	4	1	4	1	4	0	3	2	3	0	3	0	3	1	2	1	3	2	1	3	4	3	3	4	3	5	4	6	4	6	4	6	3	8	3	7	3	6	3	7	2	6	3	8	1	6	4	6	4	6	4	7	6	7	7	7	9	6	10	9	11	7	12	6	12	7	13	6	13	8	11	6	14	6	14	6	12	8	14	8	12	9	15	9	13	14	14	14	14	16	14	18	14	19	14	22	11	22	15	21	14	23	12	23	
1	0	0	0	0	0	0	0	0	0	0	0	0	0	0	0	0	0	0	0	0	0	0	0	0	0	1	0	0	1	0	1	0	1	0	1	0	0	0	1	0	0	0	0	0	0	0	0	0	0	0	0	1	0	0	1	0	1	1	1	1	1	2	0	2	1	2	0	2	0	2	0	1	0	1	0	0	0	2	0	0	1	0	1	1	1	1	2	2	1	2	3	2	3	2	3	2	4	1	4	1	4	0	3	2	3	0	3	0	3	1	2	1	3	2	1	3	4	3	3	4	3	5	4	6	4	6	4	6	3	8	3	7	3	6	3	7	2	6	3	8	1	6	4	6	4	6	4	7	6	7	7	7	9	6	10	10	11	7	12	6	12	7	13	6	13	8	11	6	14	6	14	6	12	8	14	8	12	9	15	9	13	15	14	14	15	16	15	18	15	19	15	22	11	22	16	21	14	23	12	23	
Gun: vandal
Damage Tuple: [0, 34, 40, 160]
0	1	2	3	4	5	6	7	8	9	10	11	12	13	14	15	16	17	18	19	20	21	22	23	24	25	26	27	28	29	30	31	32	33	34	35	36	37	38	39	40	41	42	43	44	45	46	47	48	49	50	51	52	53	54	55	56	57	58	59	60	61	62	63	64	65	66	67	68	69	70	71	72	73	74	75	76	77	78	79	80	81	82	83	84	85	86	87	88	89	90	91	92	93	94	95	96	97	98	99	100	101	102	103	104	105	106	107	108	109	110	111	112	113	114	115	116	117	118	119	120	121	122	123	124	125	126	127	128	129	130	131	132	133	134	135	136	137	138	139	140	141	142	143	144	145	146	147	148	149	150	151	152	153	154	155	156	157	158	159	160	161	162	163	164	165	166	167	168	169	170	171	172	173	174	175	176	177	178	179	180	181	182	183	184	185	186	187	188	189	190	191	192	193	194	195	196	197	198	199	200	
0	0	0	0	0	0	0	0	0	0	0	0	0	0	0	0	0	0	0	0	0	0	0	0	0	0	0	0	0	0	0	0	0	0	0	0	0	0	0	0	0	0	0	0	0	0	0	0	0	0	0	0	0	0	0	0	0	0	0	0	0	0	0	0	0	0	0	0	0	0	0	0	0	0	0	0	0	0	0	0	0	0	0	0	0	0	0	0	0	0	0	0	0	0	0	0	0	0	0	0	0	0	0	0	0	0	0	0	0	0	0	0	0	0	0	0	0	0	0	0	0	0	0	0	0	0	0	0	0	0	0	0	0	0	0	0	0	0	0	0	0	0	0	0	0	0	0	0	0	0	0	0	0	0	0	0	0	0	0	0	0	0	0	0	0	0	0	0	0	0	0	0	0	0	0	0	0	0	0	0	0	0	0	0	0	0	0	0	0	0	0	0	0	0	0	0	0	0	0	0	0	
1	0	0	0	0	0	0	0	0	0	0	0	0	0	0	0	0	0	0	0	0	0	0	0	0	0	0	0	0	0	0	0	0	0	1	0	0	0	0	0	0	0	0	0	0	0	0	0	0	0	0	0	0	0	0	0	0	0	0	0	0	0	0	0	0	0	0	0	1	0	0	0	0	0	0	0	0	0	0	0	0	0	0	0	0	0	0	0	0	0	0	0	0	0	0	0	0	0	0	0	0	0	1	0	0	0	0	0	0	0	0	0	0	0	0	0	0	0	0	0	0	0	0	0	0	0	0	0	0	0	0	0	0	0	0	0	1	0	0	0	0	0	0	0	0	0	0	0	0	0	0	0	0	0	0	0	0	0	0	0	0	0	0	0	0	0	0	0	0	0	1	0	0	0	0	0	0	0	0	0	0	0	0	0	0	0	0	0	0	0	0	0	0	0	0	0	0	0	0	0	0	
1	0	0	0	0	0	0	0	0	0	0	0	0	0	0	0	0	0	0	0	0	0	0	0	0	0	0	0	0	0	0	0	0	0	1	0	0	0	0	0	1	0	0	0	0	0	0	0	0	0	0	0	0	0	0	0	0	0	0	0	0	0	0	0	0	0	0	0	1	0	0	0	0	0	1	0	0	0	0	0	1	0	0	0	0	0	0	0	0	0	0	0	0	0	0	0	0	0	0	0	0	0	1	0	0	0	0	0	1	0	0	0	0	0	1	0	0	0	0	0	1	0	0	0	0	0	0	0	0	0	0	0	0	0	0	0	1	0	0	0	0	0	1	0	0	0	0	0	1	0	0	0	0	0	1	0	0	0	0	0	1	0	0	0	0	0	0	0	0	0	1	0	0	0	0	0	1	0	0	0	0	0	1	0	0	0	0	0	1	0	0	0	0	0	1	0	0	0	0	0	1	
1	0	0	0	0	0	0	0	0	0	0	0	0	0	0	0	0	0	0	0	0	0	0	0	0	0	0	0	0	0	0	0	0	0	1	0	0	0	0	0	1	0	0	0	0	0	0	0	0	0	0	0	0	0	0	0	0	0	0	0	0	0	0	0	0	0	0	0	1	0	0	0	0	0	1	0	0	0	0	0	1	0	0	0	0	0	0	0	0	0	0	0	0	0	0	0	0	0	0	0	0	0	1	0	0	0	0	0	1	0	0	0	0	0	1	0	0	0	0	0	1	0	0	0	0	0	0	0	0	0	0	0	0	0	0	0	1	0	0	0	0	0	1	0	0	0	0	0	1	0	0	0	0	0	1	0	0	0	0	0	2	0	0	0	0	0	0	0	0	0	1	0	0	0	0	0	1	0	0	0	0	0	1	0	0	0	0	0	1	0	0	0	0	0	2	0	0	0	0	0	2	
Gun: marshal
Damage Tuple: [0, 85, 101, 202]
0	1	2	3	4	5	6	7	8	9	10	11	12	13	14	15	16	17	18	19	20	21	22	23	24	25	26	27	28	29	30	31	32	33	34	35	36	37	38	39	40	41	42	43	44	45	46	47	48	49	50	51	52	53	54	55	56	57	58	59	60	61	62	63	64	65	66	67	68	69	70	71	72	73	74	75	76	77	78	79	80	81	82	83	84	85	86	87	88	89	90	91	92	93	94	95	96	97	98	99	100	101	102	103	104	105	106	107	108	109	110	111	112	113	114	115	116	117	118	119	120	121	122	123	124	125	126	127	128	129	130	131	132	133	134	135	136	137	138	139	140	141	142	143	144	145	146	147	148	149	150	151	152	153	154	155	156	157	158	159	160	161	162	163	164	165	166	167	168	169	170	171	172	173	174	175	176	177	178	179	180	181	182	183	184	185	186	187	188	189	190	191	192	193	194	195	196	197	198	199	200	
0	0	0	0	0	0	0	0	0	0	0	0	0	0	0	0	0	0	0	0	0	0	0	0	0	0	0	0	0	0	0	0	0	0	0	0	0	0	0	0	0	0	0	0	0	0	0	0	0	0	0	0	0	0	0	0	0	0	0	0	0	0	0	0	0	0	0	0	0	0	0	0	0	0	0	0	0	0	0	0	0	0	0	0	0	0	0	0	0	0	0	0	0	0	0	0	0	0	0	0	0	0	0	0	0	0	0	0	0	0	0	0	0	0	0	0	0	0	0	0	0	0	0	0	0	0	0	0	0	0	0	0	0	0	0	0	0	0	0	0	0	0	0	0	0	0	0	0	0	0	0	0	0	0	0	0	0	0	0	0	0	0	0	0	0	0	0	0	0	0	0	0	0	0	0	0	0	0	0	0	0	0	0	0	0	0	0	0	0	0	0	0	0	0	0	0	0	0	0	0	0	
1	0	0	0	0	0	0	0	0	0	0	0	0	0	0	0	0	0	0	0	0	0	0	0	0	0	0	0	0	0	0	0	0	0	0	0	0	0	0	0	0	0	0	0	0	0	0	0	0	0	0	0	0	0	0	0	0	0	0	0	0	0	0	0	0	0	0	0	0	0	0	0	0	0	0	0	0	0	0	0	0	0	0	0	0	1	0	0	0	0	0	0	0	0	0	0	0	0	0	0	0	0	0	0	0	0	0	0	0	0	0	0	0	0	0	0	0	0	0	0	0	0	0	0	0	0	0	0	0	0	0	0	0	0	0	0	0	0	0	0	0	0	0	0	0	0	0	0	0	0	0	0	0	0	0	0	0	0	0	0	0	0	0	0	0	0	0	0	0	0	1	0	0	0	0	0	0	0	0	0	0	0	0	0	0	0	0	0	0	0	0	0	0	0	0	0	0	0	0	0	0	
1	0	0	0	0	0	0	0	0	0	0	0	0	0	0	0	0	0	0	0	0	0	0	0	0	0	0	0	0	0	0	0	0	0	0	0	0	0	0	0	0	0	0	0	0	0	0	0	0	0	0	0	0	0	0	0	0	0	0	0	0	0	0	0	0	0	0	0	0	0	0	0	0	0	0	0	0	0	0	0	0	0	0	0	0	1	0	0	0	0	0	0	0	0	0	0	0	0	0	0	0	1	0	0	0	0	0	0	0	0	0	0	0	0	0	0	0	0	0	0	0	0	0	0	0	0	0	0	0	0	0	0	0	0	0	0	0	0	0	0	0	0	0	0	0	0	0	0	0	0	0	0	0	0	0	0	0	0	0	0	0	0	0	0	0	0	0	0	0	0	1	0	0	0	0	0	0	0	0	0	0	0	0	0	0	0	1	0	0	0	0	0	0	0	0	0	0	0	0	0	0	
1	0	0	0	0	0	0	0	0	0	0	0	0	0	0	0	0	0	0	0	0	0	0	0	0	0	0	0	0	0	0	0	0	0	0	0	0	0	0	0	0	0	0	0	0	0	0	0	0	0	0	0	0	0	0	0	0	0	0	0	0	0	0	0	0	0	0	0	0	0	0	0	0	0	0	0	0	0	0	0	0	0	0	0	0	1	0	0	0	0	0	0	0	0	0	0	0	0	0	0	0	1	0	0	0	0	0	0	0	0	0	0	0	0	0	0	0	0	0	0	0	0	0	0	0	0	0	0	0	0	0	0	0	0	0	0	0	0	0	0	0	0	0	0	0	0	0	0	0	0	0	0	0	0	0	0	0	0	0	0	0	0	0	0	0	0	0	0	0	0	1	0	0	0	0	0	0	0	0	0	0	0	0	0	0	0	1	0	0	0	0	0	0	0	0	0	0	0	0	0	0	
Gun: operator
Damage Tuple: [0, 120, 150, 255]
0	1	2	3	4	5	6	7	8	9	10	11	12	13	14	15	16	17	18	19	20	21	22	23	24	25	26	27	28	29	30	31	32	33	34	35	36	37	38	39	40	41	42	43	44	45	46	47	48	49	50	51	52	53	54	55	56	57	58	59	60	61	62	63	64	65	66	67	68	69	70	71	72	73	74	75	76	77	78	79	80	81	82	83	84	85	86	87	88	89	90	91	92	93	94	95	96	97	98	99	100	101	102	103	104	105	106	107	108	109	110	111	112	113	114	115	116	117	118	119	120	121	122	123	124	125	126	127	128	129	130	131	132	133	134	135	136	137	138	139	140	141	142	143	144	145	146	147	148	149	150	151	152	153	154	155	156	157	158	159	160	161	162	163	164	165	166	167	168	169	170	171	172	173	174	175	176	177	178	179	180	181	182	183	184	185	186	187	188	189	190	191	192	193	194	195	196	197	198	199	200	
0	0	0	0	0	0	0	0	0	0	0	0	0	0	0	0	0	0	0	0	0	0	0	0	0	0	0	0	0	0	0	0	0	0	0	0	0	0	0	0	0	0	0	0	0	0	0	0	0	0	0	0	0	0	0	0	0	0	0	0	0	0	0	0	0	0	0	0	0	0	0	0	0	0	0	0	0	0	0	0	0	0	0	0	0	0	0	0	0	0	0	0	0	0	0	0	0	0	0	0	0	0	0	0	0	0	0	0	0	0	0	0	0	0	0	0	0	0	0	0	0	0	0	0	0	0	0	0	0	0	0	0	0	0	0	0	0	0	0	0	0	0	0	0	0	0	0	0	0	0	0	0	0	0	0	0	0	0	0	0	0	0	0	0	0	0	0	0	0	0	0	0	0	0	0	0	0	0	0	0	0	0	0	0	0	0	0	0	0	0	0	0	0	0	0	0	0	0	0	0	0	
1	0	0	0	0	0	0	0	0	0	0	0	0	0	0	0	0	0	0	0	0	0	0	0	0	0	0	0	0	0	0	0	0	0	0	0	0	0	0	0	0	0	0	0	0	0	0	0	0	0	0	0	0	0	0	0	0	0	0	0	0	0	0	0	0	0	0	0	0	0	0	0	0	0	0	0	0	0	0	0	0	0	0	0	0	0	0	0	0	0	0	0	0	0	0	0	0	0	0	0	0	0	0	0	0	0	0	0	0	0	0	0	0	0	0	0	0	0	0	0	1	0	0	0	0	0	0	0	0	0	0	0	0	0	0	0	0	0	0	0	0	0	0	0	0	0	0	0	0	0	0	0	0	0	0	0	0	0	0	0	0	0	0	0	0	0	0	0	0	0	0	0	0	0	0	0	0	0	0	0	0	0	0	0	0	0	0	0	0	0	0	0	0	0	0	0	0	0	0	0	0	
1	0	0	0	0	0	0	0	0	0	0	0	0	0	0	0	0	0	0	0	0	0	0	0	0	0	0	0	0	0	0	0	0	0	0	0	0	0	0	0	0	0	0	0	0	0	0	0	0	0	0	0	0	0	0	0	0	0	0	0	0	0	0	0	0	0	0	0	0	0	0	0	0	0	0	0	0	0	0	0	0	0	0	0	0	0	0	0	0	0	0	0	0	0	0	0	0	0	0	0	0	0	0	0	0	0	0	0	0	0	0	0	0	0	0	0	0	0	0	0	1	0	0	0	0	0	0	0	0	0	0	0	0	0	0	0	0	0	0	0	0	0	0	0	0	0	0	0	0	0	1	0	0	0	0	0	0	0	0	0	0	0	0	0	0	0	0	0	0	0	0	0	0	0	0	0	0	0	0	0	0	0	0	0	0	0	0	0	0	0	0	0	0	0	0	0	0	0	0	0	0	
1	0	0	0	0	0	0	0	0	0	0	0	0	0	0	0	0	0	0	0	0	0	0	0	0	0	0	0	0	0	0	0	0	0	0	0	0	0	0	0	0	0	0	0	0	0	0	0	0	0	0	0	0	0	0	0	0	0	0	0	0	0	0	0	0	0	0	0	0	0	0	0	0	0	0	0	0	0	0	0	0	0	0	0	0	0	0	0	0	0	0	0	0	0	0	0	0	0	0	0	0	0	0	0	0	0	0	0	0	0	0	0	0	0	0	0	0	0	0	0	1	0	0	0	0	0	0	0	0	0	0	0	0	0	0	0	0	0	0	0	0	0	0	0	0	0	0	0	0	0	1	0	0	0	0	0	0	0	0	0	0	0	0	0	0	0	0	0	0	0	0	0	0	0	0	0	0	0	0	0	0	0	0	0	0	0	0	0	0	0	0	0	0	0	0	0	0	0	0	0	0	
Gun: ares
Damage Tuple: [0, 23, 25, 28, 30, 67, 72]
0	1	2	3	4	5	6	7	8	9	10	11	12	13	14	15	16	17	18	19	20	21	22	23	24	25	26	27	28	29	30	31	32	33	34	35	36	37	38	39	40	41	42	43	44	45	46	47	48	49	50	51	52	53	54	55	56	57	58	59	60	61	62	63	64	65	66	67	68	69	70	71	72	73	74	75	76	77	78	79	80	81	82	83	84	85	86	87	88	89	90	91	92	93	94	95	96	97	98	99	100	101	102	103	104	105	106	107	108	109	110	111	112	113	114	115	116	117	118	119	120	121	122	123	124	125	126	127	128	129	130	131	132	133	134	135	136	137	138	139	140	141	142	143	144	145	146	147	148	149	150	151	152	153	154	155	156	157	158	159	160	161	162	163	164	165	166	167	168	169	170	171	172	173	174	175	176	177	178	179	180	181	182	183	184	185	186	187	188	189	190	191	192	193	194	195	196	197	198	199	200	
0	0	0	0	0	0	0	0	0	0	0	0	0	0	0	0	0	0	0	0	0	0	0	0	0	0	0	0	0	0	0	0	0	0	0	0	0	0	0	0	0	0	0	0	0	0	0	0	0	0	0	0	0	0	0	0	0	0	0	0	0	0	0	0	0	0	0	0	0	0	0	0	0	0	0	0	0	0	0	0	0	0	0	0	0	0	0	0	0	0	0	0	0	0	0	0	0	0	0	0	0	0	0	0	0	0	0	0	0	0	0	0	0	0	0	0	0	0	0	0	0	0	0	0	0	0	0	0	0	0	0	0	0	0	0	0	0	0	0	0	0	0	0	0	0	0	0	0	0	0	0	0	0	0	0	0	0	0	0	0	0	0	0	0	0	0	0	0	0	0	0	0	0	0	0	0	0	0	0	0	0	0	0	0	0	0	0	0	0	0	0	0	0	0	0	0	0	0	0	0	0	
1	0	0	0	0	0	0	0	0	0	0	0	0	0	0	0	0	0	0	0	0	0	0	1	0	0	0	0	0	0	0	0	0	0	0	0	0	0	0	0	0	0	0	0	0	0	1	0	0	0	0	0	0	0	0	0	0	0	0	0	0	0	0	0	0	0	0	0	0	1	0	0	0	0	0	0	0	0	0	0	0	0	0	0	0	0	0	0	0	0	0	0	1	0	0	0	0	0	0	0	0	0	0	0	0	0	0	0	0	0	0	0	0	0	0	1	0	0	0	0	0	0	0	0	0	0	0	0	0	0	0	0	0	0	0	0	0	0	1	0	0	0	0	0	0	0	0	0	0	0	0	0	0	0	0	0	0	0	0	0	0	1	0	0	0	0	0	0	0	0	0	0	0	0	0	0	0	0	0	0	0	0	0	0	1	0	0	0	0	0	0	0	0	0	0	0	0	0	0	0	0	
1	0	0	0	0	0	0	0	0	0	0	0	0	0	0	0	0	0	0	0	0	0	0	1	0	1	0	0	0	0	0	0	0	0	0	0	0	0	0	0	0	0	0	0	0	0	1	0	1	0	1	0	0	0	0	0	0	0	0	0	0	0	0	0	0	0	0	0	0	1	0	1	0	1	0	1	0	0	0	0	0	0	0	0	0	0	0	0	0	0	0	0	1	0	1	0	1	0	1	0	1	0	0	0	0	0	0	0	0	0	0	0	0	0	0	1	0	1	0	1	0	1	0	1	0	1	0	0	0	0	0	0	0	0	0	0	0	0	1	0	1	0	1	0	1	0	1	0	1	0	1	0	0	0	0	0	0	0	0	0	0	1	0	1	0	1	0	1	0	1	0	1	0	1	0	1	0	0	0	0	0	0	0	0	1	0	1	0	1	0	1	0	1	0	1	0	1	0	1	0	1	
1	0	0	0	0	0	0	0	0	0	0	0	0	0	0	0	0	0	0	0	0	0	0	1	0	1	0	0	1	0	0	0	0	0	0	0	0	0	0	0	0	0	0	0	0	0	1	0	1	0	1	1	0	1	0	0	1	0	0	0	0	0	0	0	0	0	0	0	0	1	0	1	0	1	1	1	1	0	1	1	0	1	0	0	1	0	0	0	0	0	0	0	1	0	1	0	1	1	1	1	1	1	1	1	1	0	1	1	0	1	0	0	1	0	0	1	0	1	0	1	1	1	1	1	1	2	1	1	1	1	1	1	1	0	1	1	0	1	1	0	2	0	1	1	1	1	1	1	2	1	2	1	1	2	1	1	1	1	1	1	1	1	1	2	0	2	1	1	2	1	1	2	1	2	1	2	2	1	2	1	1	2	1	1	2	1	2	1	2	1	2	2	1	2	2	1	3	1	2	2	2	
1	0	0	0	0	0	0	0	0	0	0	0	0	0	0	0	0	0	0	0	0	0	0	1	0	1	0	0	1	0	1	0	0	0	0	0	0	0	0	0	0	0	0	0	0	0	1	0	1	0	1	1	0	2	0	1	1	0	1	0	1	0	0	0	0	0	0	0	0	1	0	1	0	1	1	1	2	0	2	1	1	2	0	2	1	1	1	0	1	0	1	0	1	0	1	0	1	1	1	2	1	2	1	2	2	1	3	1	2	2	1	2	1	2	1	2	1	1	1	1	2	1	2	1	2	2	2	2	2	3	2	3	2	2	3	2	3	2	3	2	3	2	2	3	2	3	2	2	3	2	4	2	3	3	3	3	3	3	3	4	3	4	3	4	3	4	4	3	5	3	4	4	3	5	3	5	4	3	5	3	5	4	4	4	5	4	5	4	5	5	5	6	4	6	5	5	7	4	7	5	6	
1	0	0	0	0	0	0	0	0	0	0	0	0	0	0	0	0	0	0	0	0	0	0	1	0	1	0	0	1	0	1	0	0	0	0	0	0	0	0	0	0	0	0	0	0	0	1	0	1	0	1	1	0	2	0	1	1	0	1	0	1	0	0	0	0	0	0	1	0	1	0	1	0	1	1	1	2	0	2	1	1	2	0	2	1	1	1	0	1	0	2	0	2	0	1	1	1	2	1	2	1	2	1	2	2	1	3	1	2	2	1	2	1	3	1	3	1	2	2	1	4	1	3	2	2	3	2	3	2	3	2	3	2	2	4	2	4	2	4	2	4	3	3	5	2	5	3	3	5	2	6	3	4	4	3	4	3	5	3	6	3	5	4	5	5	5	6	4	7	4	6	6	4	8	4	7	6	4	7	4	8	5	7	5	7	6	6	8	6	8	7	8	7	8	8	7	10	6	10	7	8	
1	0	0	0	0	0	0	0	0	0	0	0	0	0	0	0	0	0	0	0	0	0	0	1	0	1	0	0	1	0	1	0	0	0	0	0	0	0	0	0	0	0	0	0	0	0	1	0	1	0	1	1	0	2	0	1	1	0	1	0	1	0	0	0	0	0	0	1	0	1	0	1	1	1	1	1	2	0	2	1	1	2	0	2	1	1	1	0	1	0	2	0	2	0	1	2	1	3	1	2	2	2	2	2	2	1	3	1	2	2	1	2	1	3	1	3	1	2	3	1	5	1	4	3	2	5	2	4	3	3	3	3	3	2	4	2	4	2	4	3	4	4	3	6	3	6	4	4	7	2	8	4	5	6	3	6	4	6	4	6	4	5	6	5	7	5	7	6	8	7	7	8	6	10	6	9	8	5	10	5	10	7	8	7	8	9	7	11	7	10	10	9	12	9	12	10	12	11	12	11	11	
Gun: odin
Damage Tuple: [0, 2, 31, 32, 38, 77, 95]
0	1	2	3	4	5	6	7	8	9	10	11	12	13	14	15	16	17	18	19	20	21	22	23	24	25	26	27	28	29	30	31	32	33	34	35	36	37	38	39	40	41	42	43	44	45	46	47	48	49	50	51	52	53	54	55	56	57	58	59	60	61	62	63	64	65	66	67	68	69	70	71	72	73	74	75	76	77	78	79	80	81	82	83	84	85	86	87	88	89	90	91	92	93	94	95	96	97	98	99	100	101	102	103	104	105	106	107	108	109	110	111	112	113	114	115	116	117	118	119	120	121	122	123	124	125	126	127	128	129	130	131	132	133	134	135	136	137	138	139	140	141	142	143	144	145	146	147	148	149	150	151	152	153	154	155	156	157	158	159	160	161	162	163	164	165	166	167	168	169	170	171	172	173	174	175	176	177	178	179	180	181	182	183	184	185	186	187	188	189	190	191	192	193	194	195	196	197	198	199	200	
0	0	0	0	0	0	0	0	0	0	0	0	0	0	0	0	0	0	0	0	0	0	0	0	0	0	0	0	0	0	0	0	0	0	0	0	0	0	0	0	0	0	0	0	0	0	0	0	0	0	0	0	0	0	0	0	0	0	0	0	0	0	0	0	0	0	0	0	0	0	0	0	0	0	0	0	0	0	0	0	0	0	0	0	0	0	0	0	0	0	0	0	0	0	0	0	0	0	0	0	0	0	0	0	0	0	0	0	0	0	0	0	0	0	0	0	0	0	0	0	0	0	0	0	0	0	0	0	0	0	0	0	0	0	0	0	0	0	0	0	0	0	0	0	0	0	0	0	0	0	0	0	0	0	0	0	0	0	0	0	0	0	0	0	0	0	0	0	0	0	0	0	0	0	0	0	0	0	0	0	0	0	0	0	0	0	0	0	0	0	0	0	0	0	0	0	0	0	0	0	0	
1	0	1	0	1	0	1	0	1	0	1	0	1	0	1	0	1	0	1	0	1	0	1	0	1	0	1	0	1	0	1	0	1	0	1	0	1	0	1	0	1	0	1	0	1	0	1	0	1	0	1	0	1	0	1	0	1	0	1	0	1	0	1	0	1	0	1	0	1	0	1	0	1	0	1	0	1	0	1	0	1	0	1	0	1	0	1	0	1	0	1	0	1	0	1	0	1	0	1	0	1	0	1	0	1	0	1	0	1	0	1	0	1	0	1	0	1	0	1	0	1	0	1	0	1	0	1	0	1	0	1	0	1	0	1	0	1	0	1	0	1	0	1	0	1	0	1	0	1	0	1	0	1	0	1	0	1	0	1	0	1	0	1	0	1	0	1	0	1	0	1	0	1	0	1	0	1	0	1	0	1	0	1	0	1	0	1	0	1	0	1	0	1	0	1	0	1	0	1	0	1	
1	0	1	0	1	0	1	0	1	0	1	0	1	0	1	0	1	0	1	0	1	0	1	0	1	0	1	0	1	0	1	1	1	1	1	1	1	1	1	1	1	1	1	1	1	1	1	1	1	1	1	1	1	1	1	1	1	1	1	1	1	1	2	1	2	1	2	1	2	1	2	1	2	1	2	1	2	1	2	1	2	1	2	1	2	1	2	1	2	1	2	1	2	2	2	2	2	2	2	2	2	2	2	2	2	2	2	2	2	2	2	2	2	2	2	2	2	2	2	2	2	2	2	2	3	2	3	2	3	2	3	2	3	2	3	2	3	2	3	2	3	2	3	2	3	2	3	2	3	2	3	2	3	2	3	3	3	3	3	3	3	3	3	3	3	3	3	3	3	3	3	3	3	3	3	3	3	3	3	3	3	3	3	3	3	3	4	3	4	3	4	3	4	3	4	3	4	3	4	3	4	
1	0	1	0	1	0	1	0	1	0	1	0	1	0	1	0	1	0	1	0	1	0	1	0	1	0	1	0	1	0	1	1	2	1	2	1	2	1	2	1	2	1	2	1	2	1	2	1	2	1	2	1	2	1	2	1	2	1	2	1	2	1	3	2	4	2	4	2	4	2	4	2	4	2	4	2	4	2	4	2	4	2	4	2	4	2	4	2	4	2	4	2	4	3	5	4	6	4	6	4	6	4	6	4	6	4	6	4	6	4	6	4	6	4	6	4	6	4	6	4	6	4	6	4	7	5	8	6	9	6	9	6	9	6	9	6	9	6	9	6	9	6	9	6	9	6	9	6	9	6	9	6	9	6	9	7	10	8	11	9	12	9	12	9	12	9	12	9	12	9	12	9	12	9	12	9	12	9	12	9	12	9	12	9	12	9	13	10	14	11	15	12	16	12	16	12	16	12	16	12	16	
1	0	1	0	1	0	1	0	1	0	1	0	1	0	1	0	1	0	1	0	1	0	1	0	1	0	1	0	1	0	1	1	2	1	2	1	2	1	3	1	3	1	3	1	3	1	3	1	3	1	3	1	3	1	3	1	3	1	3	1	3	1	4	2	5	2	5	2	5	3	6	3	6	3	6	3	7	3	7	3	7	3	7	3	7	3	7	3	7	3	7	3	7	4	8	5	9	5	9	5	10	6	11	6	11	6	11	7	12	7	12	7	12	7	13	7	13	7	13	7	13	7	13	7	14	8	15	9	16	9	16	10	17	11	18	11	18	11	19	12	20	12	20	12	20	13	21	13	21	13	21	13	22	13	22	14	23	15	24	16	25	16	26	17	27	18	28	18	28	19	29	20	30	20	30	20	31	21	32	21	32	21	32	22	33	22	34	23	35	24	37	25	38	26	39	27	40	28	41	28	42	
1	0	1	0	1	0	1	0	1	0	1	0	1	0	1	0	1	0	1	0	1	0	1	0	1	0	1	0	1	0	1	1	2	1	2	1	2	1	3	1	3	1	3	1	3	1	3	1	3	1	3	1	3	1	3	1	3	1	3	1	3	1	4	2	5	2	5	2	5	3	6	3	6	3	6	3	7	4	7	4	7	4	7	4	7	4	7	4	7	4	7	4	7	5	8	6	9	6	9	6	10	7	11	7	11	7	11	8	13	9	13	9	13	9	14	10	14	10	14	10	14	10	14	10	15	11	16	12	17	12	17	13	18	14	19	14	19	14	20	16	22	17	22	17	22	18	24	19	24	19	24	19	25	20	26	21	27	22	28	23	29	23	30	24	31	25	32	25	32	26	34	28	36	29	36	29	37	31	39	32	39	32	39	33	41	35	43	36	44	37	46	39	48	40	49	41	50	42	51	42	52	
1	0	1	0	1	0	1	0	1	0	1	0	1	0	1	0	1	0	1	0	1	0	1	0	1	0	1	0	1	0	1	1	2	1	2	1	2	1	3	1	3	1	3	1	3	1	3	1	3	1	3	1	3	1	3	1	3	1	3	1	3	1	4	2	5	2	5	2	5	3	6	3	6	3	6	3	7	4	7	4	7	4	7	4	7	4	7	4	7	4	7	4	7	5	8	7	9	7	9	7	10	8	11	8	11	8	11	9	13	10	13	10	13	10	14	11	14	11	14	11	14	11	14	11	15	12	17	14	18	14	18	15	19	17	20	17	20	17	21	19	23	20	23	20	23	21	25	22	25	22	25	22	26	23	27	24	28	26	30	28	31	28	32	29	34	31	35	31	35	32	37	35	40	36	40	36	41	38	43	39	43	39	43	40	45	42	47	43	49	45	53	48	55	49	56	51	58	53	59	53	60	
Gun: classic
Damage Tuple: [0, 18, 22, 26, 66, 78]
0	1	2	3	4	5	6	7	8	9	10	11	12	13	14	15	16	17	18	19	20	21	22	23	24	25	26	27	28	29	30	31	32	33	34	35	36	37	38	39	40	41	42	43	44	45	46	47	48	49	50	51	52	53	54	55	56	57	58	59	60	61	62	63	64	65	66	67	68	69	70	71	72	73	74	75	76	77	78	79	80	81	82	83	84	85	86	87	88	89	90	91	92	93	94	95	96	97	98	99	100	101	102	103	104	105	106	107	108	109	110	111	112	113	114	115	116	117	118	119	120	121	122	123	124	125	126	127	128	129	130	131	132	133	134	135	136	137	138	139	140	141	142	143	144	145	146	147	148	149	150	151	152	153	154	155	156	157	158	159	160	161	162	163	164	165	166	167	168	169	170	171	172	173	174	175	176	177	178	179	180	181	182	183	184	185	186	187	188	189	190	191	192	193	194	195	196	197	198	199	200	
0	0	0	0	0	0	0	0	0	0	0	0	0	0	0	0	0	0	0	0	0	0	0	0	0	0	0	0	0	0	0	0	0	0	0	0	0	0	0	0	0	0	0	0	0	0	0	0	0	0	0	0	0	0	0	0	0	0	0	0	0	0	0	0	0	0	0	0	0	0	0	0	0	0	0	0	0	0	0	0	0	0	0	0	0	0	0	0	0	0	0	0	0	0	0	0	0	0	0	0	0	0	0	0	0	0	0	0	0	0	0	0	0	0	0	0	0	0	0	0	0	0	0	0	0	0	0	0	0	0	0	0	0	0	0	0	0	0	0	0	0	0	0	0	0	0	0	0	0	0	0	0	0	0	0	0	0	0	0	0	0	0	0	0	0	0	0	0	0	0	0	0	0	0	0	0	0	0	0	0	0	0	0	0	0	0	0	0	0	0	0	0	0	0	0	0	0	0	0	0	0	
1	0	0	0	0	0	0	0	0	0	0	0	0	0	0	0	0	0	1	0	0	0	0	0	0	0	0	0	0	0	0	0	0	0	0	0	1	0	0	0	0	0	0	0	0	0	0	0	0	0	0	0	0	0	1	0	0	0	0	0	0	0	0	0	0	0	0	0	0	0	0	0	1	0	0	0	0	0	0	0	0	0	0	0	0	0	0	0	0	0	1	0	0	0	0	0	0	0	0	0	0	0	0	0	0	0	0	0	1	0	0	0	0	0	0	0	0	0	0	0	0	0	0	0	0	0	1	0	0	0	0	0	0	0	0	0	0	0	0	0	0	0	0	0	1	0	0	0	0	0	0	0	0	0	0	0	0	0	0	0	0	0	1	0	0	0	0	0	0	0	0	0	0	0	0	0	0	0	0	0	1	0	0	0	0	0	0	0	0	0	0	0	0	0	0	0	0	0	1	0	0	
1	0	0	0	0	0	0	0	0	0	0	0	0	0	0	0	0	0	1	0	0	0	1	0	0	0	0	0	0	0	0	0	0	0	0	0	1	0	0	0	1	0	0	0	1	0	0	0	0	0	0	0	0	0	1	0	0	0	1	0	0	0	1	0	0	0	1	0	0	0	0	0	1	0	0	0	1	0	0	0	1	0	0	0	1	0	0	0	1	0	1	0	0	0	1	0	0	0	1	0	0	0	1	0	0	0	1	0	1	0	1	0	1	0	0	0	1	0	0	0	1	0	0	0	1	0	1	0	1	0	1	0	1	0	1	0	0	0	1	0	0	0	1	0	1	0	1	0	1	0	1	0	1	0	1	0	1	0	0	0	1	0	1	0	1	0	1	0	1	0	1	0	1	0	1	0	1	0	1	0	1	0	1	0	1	0	1	0	1	0	1	0	1	0	1	0	1	0	2	0	1	
1	0	0	0	0	0	0	0	0	0	0	0	0	0	0	0	0	0	1	0	0	0	1	0	0	0	1	0	0	0	0	0	0	0	0	0	1	0	0	0	1	0	0	0	2	0	0	0	1	0	0	0	1	0	1	0	0	0	1	0	0	0	2	0	0	0	2	0	0	0	2	0	1	0	1	0	1	0	1	0	2	0	0	0	2	0	0	0	3	0	1	0	2	0	1	0	2	0	2	0	1	0	2	0	1	0	3	0	1	0	3	0	1	0	3	0	2	0	2	0	2	0	2	0	3	0	2	0	3	0	2	0	4	0	2	0	3	0	2	0	3	0	3	0	3	0	3	0	3	0	4	0	3	0	4	0	3	0	4	0	3	0	4	0	3	0	4	0	4	0	4	0	4	0	4	0	5	0	4	0	5	0	4	0	5	0	4	0	5	0	4	0	5	0	5	0	5	0	6	0	5	
1	0	0	0	0	0	0	0	0	0	0	0	0	0	0	0	0	0	1	0	0	0	1	0	0	0	1	0	0	0	0	0	0	0	0	0	1	0	0	0	1	0	0	0	2	0	0	0	1	0	0	0	1	0	1	0	0	0	1	0	0	0	2	0	0	0	3	0	0	0	2	0	1	0	1	0	1	0	1	0	2	0	0	0	3	0	0	0	4	0	1	0	3	0	1	0	2	0	2	0	1	0	3	0	1	0	4	0	1	0	5	0	1	0	4	0	2	0	3	0	3	0	2	0	4	0	2	0	5	0	2	0	7	0	2	0	5	0	3	0	4	0	4	0	4	0	5	0	3	0	7	0	3	0	8	0	4	0	7	0	4	0	6	0	5	0	5	0	7	0	5	0	8	0	5	0	10	0	5	0	9	0	6	0	8	0	7	0	7	0	8	0	7	0	10	0	7	0	13	0	7	
1	0	0	0	0	0	0	0	0	0	0	0	0	0	0	0	0	0	1	0	0	0	1	0	0	0	1	0	0	0	0	0	0	0	0	0	1	0	0	0	1	0	0	0	2	0	0	0	1	0	0	0	1	0	1	0	0	0	1	0	0	0	2	0	0	0	3	0	0	0	2	0	1	0	1	0	1	0	2	0	2	0	0	0	3	0	0	0	4	0	1	0	3	0	1	0	3	0	2	0	2	0	3	0	2	0	4	0	1	0	5	0	1	0	5	0	2	0	4	0	3	0	4	0	4	0	3	0	5	0	3	0	8	0	2	0	6	0	3	0	6	0	4	0	7	0	5	0	5	0	8	0	4	0	9	0	6	0	9	0	4	0	9	0	5	0	9	0	8	0	8	0	9	0	8	0	12	0	7	0	12	0	8	0	12	0	8	0	12	0	9	0	12	0	12	0	11	0	16	0	11	
Gun: shorty
Damage Tuple: [0, 2, 3, 6, 8, 10, 16, 21, 24]
0	1	2	3	4	5	6	7	8	9	10	11	12	13	14	15	16	17	18	19	20	21	22	23	24	25	26	27	28	29	30	31	32	33	34	35	36	37	38	39	40	41	42	43	44	45	46	47	48	49	50	51	52	53	54	55	56	57	58	59	60	61	62	63	64	65	66	67	68	69	70	71	72	73	74	75	76	77	78	79	80	81	82	83	84	85	86	87	88	89	90	91	92	93	94	95	96	97	98	99	100	101	102	103	104	105	106	107	108	109	110	111	112	113	114	115	116	117	118	119	120	121	122	123	124	125	126	127	128	129	130	131	132	133	134	135	136	137	138	139	140	141	142	143	144	145	146	147	148	149	150	151	152	153	154	155	156	157	158	159	160	161	162	163	164	165	166	167	168	169	170	171	172	173	174	175	176	177	178	179	180	181	182	183	184	185	186	187	188	189	190	191	192	193	194	195	196	197	198	199	200	
0	0	0	0	0	0	0	0	0	0	0	0	0	0	0	0	0	0	0	0	0	0	0	0	0	0	0	0	0	0	0	0	0	0	0	0	0	0	0	0	0	0	0	0	0	0	0	0	0	0	0	0	0	0	0	0	0	0	0	0	0	0	0	0	0	0	0	0	0	0	0	0	0	0	0	0	0	0	0	0	0	0	0	0	0	0	0	0	0	0	0	0	0	0	0	0	0	0	0	0	0	0	0	0	0	0	0	0	0	0	0	0	0	0	0	0	0	0	0	0	0	0	0	0	0	0	0	0	0	0	0	0	0	0	0	0	0	0	0	0	0	0	0	0	0	0	0	0	0	0	0	0	0	0	0	0	0	0	0	0	0	0	0	0	0	0	0	0	0	0	0	0	0	0	0	0	0	0	0	0	0	0	0	0	0	0	0	0	0	0	0	0	0	0	0	0	0	0	0	0	0	
1	0	1	0	1	0	1	0	1	0	1	0	1	0	1	0	1	0	1	0	1	0	1	0	1	0	1	0	1	0	1	0	1	0	1	0	1	0	1	0	1	0	1	0	1	0	1	0	1	0	1	0	1	0	1	0	1	0	1	0	1	0	1	0	1	0	1	0	1	0	1	0	1	0	1	0	1	0	1	0	1	0	1	0	1	0	1	0	1	0	1	0	1	0	1	0	1	0	1	0	1	0	1	0	1	0	1	0	1	0	1	0	1	0	1	0	1	0	1	0	1	0	1	0	1	0	1	0	1	0	1	0	1	0	1	0	1	0	1	0	1	0	1	0	1	0	1	0	1	0	1	0	1	0	1	0	1	0	1	0	1	0	1	0	1	0	1	0	1	0	1	0	1	0	1	0	1	0	1	0	1	0	1	0	1	0	1	0	1	0	1	0	1	0	1	0	1	0	1	0	1	
1	0	1	1	1	1	2	1	2	2	2	2	3	2	3	3	3	3	4	3	4	4	4	4	5	4	5	5	5	5	6	5	6	6	6	6	7	6	7	7	7	7	8	7	8	8	8	8	9	8	9	9	9	9	10	9	10	10	10	10	11	10	11	11	11	11	12	11	12	12	12	12	13	12	13	13	13	13	14	13	14	14	14	14	15	14	15	15	15	15	16	15	16	16	16	16	17	16	17	17	17	17	18	17	18	18	18	18	19	18	19	19	19	19	20	19	20	20	20	20	21	20	21	21	21	21	22	21	22	22	22	22	23	22	23	23	23	23	24	23	24	24	24	24	25	24	25	25	25	25	26	25	26	26	26	26	27	26	27	27	27	27	28	27	28	28	28	28	29	28	29	29	29	29	30	29	30	30	30	30	31	30	31	31	31	31	32	31	32	32	32	32	33	32	33	33	33	33	34	33	34	
1	0	1	1	1	1	3	1	3	3	3	3	6	3	6	6	6	6	10	6	10	10	10	10	15	10	15	15	15	15	21	15	21	21	21	21	28	21	28	28	28	28	36	28	36	36	36	36	45	36	45	45	45	45	55	45	55	55	55	55	66	55	66	66	66	66	78	66	78	78	78	78	91	78	91	91	91	91	105	91	105	105	105	105	120	105	120	120	120	120	136	120	136	136	136	136	153	136	153	153	153	153	171	153	171	171	171	171	190	171	190	190	190	190	210	190	210	210	210	210	231	210	231	231	231	231	253	231	253	253	253	253	276	253	276	276	276	276	300	276	300	300	300	300	325	300	325	325	325	325	351	325	351	351	351	351	378	351	378	378	378	378	406	378	406	406	406	406	435	406	435	435	435	435	465	435	465	465	465	465	496	465	496	496	496	496	528	496	528	528	528	528	561	528	561	561	561	561	595	561	595	
1	0	1	1	1	1	3	1	4	3	4	4	7	4	9	7	10	9	14	10	17	14	19	17	25	19	29	25	32	29	40	32	46	40	50	46	60	50	68	60	74	68	86	74	96	86	104	96	119	104	131	119	141	131	159	141	174	159	186	174	207	186	225	207	240	225	264	240	285	264	303	285	331	303	355	331	376	355	408	376	436	408	460	436	496	460	528	496	556	528	596	556	632	596	664	632	709	664	749	709	785	749	835	785	880	835	920	880	975	920	1025	975	1070	1025	1130	1070	1185	1130	1235	1185	1301	1235	1361	1301	1416	1361	1488	1416	1554	1488	1614	1554	1692	1614	1764	1692	1830	1764	1914	1830	1992	1914	2064	1992	2155	2064	2239	2155	2317	2239	2415	2317	2506	2415	2590	2506	2695	2590	2793	2695	2884	2793	2996	2884	3101	2996	3199	3101	3319	3199	3431	3319	3536	3431	3664	3536	3784	3664	3896	3784	4032	3896	4160	4032	4280	4160	4424	4280	4560	4424	4688	4560	4841	4688	4985	4841	5121	4985	5283	5121	5436	
1	0	1	1	1	1	3	1	4	3	5	4	8	5	10	8	13	10	18	13	22	18	27	22	35	27	42	35	50	42	62	50	73	62	85	73	102	85	118	102	136	118	159	136	181	159	206	181	237	206	267	237	300	267	340	300	380	340	423	380	474	423	525	474	580	525	644	580	708	644	777	708	856	777	935	856	1020	935	1116	1020	1213	1116	1316	1213	1431	1316	1548	1431	1672	1548	1809	1672	1948	1809	2095	1948	2257	2095	2421	2257	2594	2421	2783	2594	2975	2783	3177	2975	3396	3177	3619	3396	3853	3619	4105	3853	4362	4105	4631	4362	4920	4631	5214	4920	5521	5214	5850	5521	6185	5850	6534	6185	6906	6534	7285	6906	7680	7285	8099	7680	8526	8099	8970	8526	9440	8970	9919	9440	10416	9919	10941	10416	11476	10941	12030	11476	12614	12030	13209	12614	13825	13209	14472	13825	15131	14472	15813	15131	16528	15813	17256	16528	18008	17256	18795	18008	19597	18795	20424	19597	21288	20424	22168	21288	23075	22168	24021	23075	24984	24021	25976	24984	27009	25976	28060	27009	29142	28060	30267	29142	31412	
1	0	1	1	1	1	3	1	4	3	5	4	8	5	10	8	14	10	19	14	23	19	30	23	39	30	47	39	58	47	72	58	87	72	104	87	125	104	148	125	175	148	206	175	239	206	278	239	324	278	371	324	425	371	488	425	555	488	629	555	713	629	803	713	904	803	1015	904	1133	1015	1265	1133	1411	1265	1564	1411	1733	1564	1919	1733	2117	1919	2331	2117	2564	2331	2813	2564	3083	2813	3373	3083	3681	3373	4014	3681	4374	4014	4752	4374	5158	4752	5596	5158	6058	5596	6550	6058	7077	6550	7633	7077	8227	7633	8857	8227	9520	8857	10227	9520	10978	10227	11764	10978	12598	11764	13483	12598	14412	13483	15391	14412	16426	15391	17512	16426	18658	17512	19863	18658	21124	19863	22453	21124	23852	22453	25310	23852	26842	25310	28453	26842	30134	28453	31893	30134	33738	31893	35662	33738	37677	35662	39782	37677	41973	39782	44266	41973	46662	44266	49149	46662	51746	49149	54457	51746	57274	54457	60206	57274	63261	60206	66434	63261	69737	66434	73170	69737	76730	73170	80433	76730	84283	80433	88266	84283	92403	88266	96701	92403	101149	
1	0	1	1	1	1	3	1	4	3	5	4	8	5	10	8	14	10	19	14	23	20	30	24	40	31	48	42	59	51	75	63	91	80	109	97	133	118	158	144	189	171	226	205	263	246	309	287	366	337	422	399	488	462	568	534	652	621	747	713	857	818	974	939	1109	1066	1261	1213	1420	1381	1602	1555	1810	1753	2026	1979	2267	2216	2540	2480	2830	2776	3149	3091	3503	3440	3879	3825	4296	4233	4754	4685	5236	5183	5767	5707	6353	6281	6968	6914	7638	7582	8372	8307	9149	9099	9990	9937	10902	10846	11866	11831	12912	12869	14040	13994	15227	15210	16508	16488	17892	17865	19346	19350	20905	20913	22582	22588	24349	24385	26237	26278	28257	28303	30381	30466	32652	32739	35073	35166	37612	37755	40318	40470	43202	43358	46223	46434	49430	49659	52838	53079	56412	56710	60196	60515	64204	64545	68401	68811	72843	73274	77537	77995	82443	82984	87624	88196	93096	93696	98808	99500	104825	105561	111167	111942	117789	118661	124751	125675	132072	133049	139708	140798	147732	148877	156154	157361	164926	166266	174129	175538	183783	185258	193827	195450	204345	206055	215362	217154	226824	
1	0	1	1	1	1	3	1	4	3	5	4	8	5	10	8	14	10	19	14	23	20	30	24	41	31	49	43	60	52	78	64	95	83	114	101	141	123	168	152	203	181	245	219	286	266	339	311	407	368	471	442	548	514	646	598	747	704	861	814	998	941	1142	1091	1312	1247	1506	1432	1706	1647	1941	1866	2217	2121	2497	2421	2815	2730	3186	3078	3577	3480	4010	3905	4501	4381	5021	4916	5608	5480	6260	6117	6942	6830	7708	7573	8570	8402	9465	9335	10453	10312	11558	11385	12726	12579	14000	13842	15403	15227	16887	16747	18520	18349	20300	20111	22169	22040	24216	24061	26462	26267	28811	28685	31358	31225	34140	33973	37075	36964	40237	40120	43660	43530	47268	47213	51172	51088	55373	55277	59781	59795	64534	64531	69664	69625	75034	75119	80788	80884	86978	87052	93487	93674	100433	100635	107864	108075	115669	116024	124015	124362	132910	133272	142224	142779	152158	152727	162760	163321	173842	174619	185613	186445	198145	198994	211276	212335	225184	226310	239936	241124	255377	256822	271747	273239	289064	290633	307150	309045	326287	328265	346543	348579	367669	370069	389958	392500	413507	416148	438100	
Gun: frenzy
Damage Tuple: [0, 17, 21, 22, 26, 63, 78]
0	1	2	3	4	5	6	7	8	9	10	11	12	13	14	15	16	17	18	19	20	21	22	23	24	25	26	27	28	29	30	31	32	33	34	35	36	37	38	39	40	41	42	43	44	45	46	47	48	49	50	51	52	53	54	55	56	57	58	59	60	61	62	63	64	65	66	67	68	69	70	71	72	73	74	75	76	77	78	79	80	81	82	83	84	85	86	87	88	89	90	91	92	93	94	95	96	97	98	99	100	101	102	103	104	105	106	107	108	109	110	111	112	113	114	115	116	117	118	119	120	121	122	123	124	125	126	127	128	129	130	131	132	133	134	135	136	137	138	139	140	141	142	143	144	145	146	147	148	149	150	151	152	153	154	155	156	157	158	159	160	161	162	163	164	165	166	167	168	169	170	171	172	173	174	175	176	177	178	179	180	181	182	183	184	185	186	187	188	189	190	191	192	193	194	195	196	197	198	199	200	
0	0	0	0	0	0	0	0	0	0	0	0	0	0	0	0	0	0	0	0	0	0	0	0	0	0	0	0	0	0	0	0	0	0	0	0	0	0	0	0	0	0	0	0	0	0	0	0	0	0	0	0	0	0	0	0	0	0	0	0	0	0	0	0	0	0	0	0	0	0	0	0	0	0	0	0	0	0	0	0	0	0	0	0	0	0	0	0	0	0	0	0	0	0	0	0	0	0	0	0	0	0	0	0	0	0	0	0	0	0	0	0	0	0	0	0	0	0	0	0	0	0	0	0	0	0	0	0	0	0	0	0	0	0	0	0	0	0	0	0	0	0	0	0	0	0	0	0	0	0	0	0	0	0	0	0	0	0	0	0	0	0	0	0	0	0	0	0	0	0	0	0	0	0	0	0	0	0	0	0	0	0	0	0	0	0	0	0	0	0	0	0	0	0	0	0	0	0	0	0	0	
1	0	0	0	0	0	0	0	0	0	0	0	0	0	0	0	0	1	0	0	0	0	0	0	0	0	0	0	0	0	0	0	0	0	1	0	0	0	0	0	0	0	0	0	0	0	0	0	0	0	0	1	0	0	0	0	0	0	0	0	0	0	0	0	0	0	0	0	1	0	0	0	0	0	0	0	0	0	0	0	0	0	0	0	0	1	0	0	0	0	0	0	0	0	0	0	0	0	0	0	0	0	1	0	0	0	0	0	0	0	0	0	0	0	0	0	0	0	0	1	0	0	0	0	0	0	0	0	0	0	0	0	0	0	0	0	1	0	0	0	0	0	0	0	0	0	0	0	0	0	0	0	0	1	0	0	0	0	0	0	0	0	0	0	0	0	0	0	0	0	1	0	0	0	0	0	0	0	0	0	0	0	0	0	0	0	0	1	0	0	0	0	0	0	0	0	0	0	0	0	0	
1	0	0	0	0	0	0	0	0	0	0	0	0	0	0	0	0	1	0	0	0	1	0	0	0	0	0	0	0	0	0	0	0	0	1	0	0	0	1	0	0	0	1	0	0	0	0	0	0	0	0	1	0	0	0	1	0	0	0	1	0	0	0	1	0	0	0	0	1	0	0	0	1	0	0	0	1	0	0	0	1	0	0	0	1	1	0	0	0	1	0	0	0	1	0	0	0	1	0	0	0	1	1	0	0	1	1	0	0	0	1	0	0	0	1	0	0	0	1	1	0	0	1	1	0	0	1	1	0	0	0	1	0	0	0	1	1	0	0	1	1	0	0	1	1	0	0	1	1	0	0	0	1	1	0	0	1	1	0	0	1	1	0	0	1	1	0	0	1	1	1	0	0	1	1	0	0	1	1	0	0	1	1	0	0	1	1	1	0	1	1	1	0	0	1	1	0	0	1	1	0	
1	0	0	0	0	0	0	0	0	0	0	0	0	0	0	0	0	1	0	0	0	1	1	0	0	0	0	0	0	0	0	0	0	0	1	0	0	0	1	1	0	0	1	1	1	0	0	0	0	0	0	1	0	0	0	1	1	0	0	1	1	1	0	1	1	1	1	0	1	0	0	0	1	1	0	0	1	1	1	0	1	1	1	1	1	2	1	1	1	1	1	0	0	1	1	1	0	1	1	1	1	1	2	1	1	2	2	2	1	1	2	1	1	0	1	1	1	1	1	2	1	1	2	2	2	1	2	3	2	2	1	2	2	1	1	1	2	1	1	2	2	2	1	2	3	2	2	2	3	3	2	2	2	3	2	1	2	2	2	1	2	3	2	2	2	3	3	2	3	3	4	3	2	3	3	3	2	2	3	2	2	2	3	3	2	3	3	4	3	3	4	4	4	3	3	4	3	3	3	3	3	
1	0	0	0	0	0	0	0	0	0	0	0	0	0	0	0	0	1	0	0	0	1	1	0	0	0	1	0	0	0	0	0	0	0	1	0	0	0	1	1	0	0	1	2	1	0	0	1	1	0	0	1	1	0	0	1	1	0	0	1	2	1	0	1	2	2	1	0	2	2	1	0	1	2	1	0	1	2	2	0	1	2	2	1	1	3	3	2	1	2	3	2	1	1	3	3	1	1	2	3	2	1	3	3	3	2	3	4	3	2	3	4	4	2	2	3	4	3	2	3	4	4	3	3	4	4	4	4	5	5	4	4	5	5	4	3	5	5	5	4	4	5	5	5	5	5	6	6	6	6	6	6	6	7	7	6	6	6	7	6	6	6	7	7	7	7	7	7	8	8	9	8	8	9	9	9	8	8	9	9	9	8	9	9	9	9	9	10	10	10	11	11	11	10	11	12	12	11	11	12	12	
1	0	0	0	0	0	0	0	0	0	0	0	0	0	0	0	0	1	0	0	0	1	1	0	0	0	1	0	0	0	0	0	0	0	1	0	0	0	1	1	0	0	1	2	1	0	0	1	1	0	0	1	1	0	0	1	1	0	0	1	2	1	0	2	2	2	1	0	2	2	1	0	1	2	1	0	1	2	2	0	2	2	2	1	2	4	3	2	1	3	3	2	1	1	3	3	1	2	2	3	2	2	4	3	3	3	5	5	3	2	4	5	4	2	3	4	4	3	3	4	4	4	4	5	5	4	6	6	7	6	4	6	7	6	4	4	7	6	5	5	6	7	5	7	7	7	7	8	10	9	8	7	9	10	9	7	7	9	10	7	8	8	10	9	9	11	10	10	11	13	14	11	10	13	14	13	10	11	13	13	12	11	13	13	13	13	14	15	14	16	17	18	17	14	17	19	18	15	15	19	18	
1	0	0	0	0	0	0	0	0	0	0	0	0	0	0	0	0	1	0	0	0	1	1	0	0	0	1	0	0	0	0	0	0	0	1	0	0	0	1	1	0	0	1	2	1	0	0	1	1	0	0	1	1	0	0	1	1	0	0	1	2	1	0	2	2	2	1	0	2	2	1	0	1	2	1	0	1	2	3	0	2	2	2	1	2	4	3	2	1	3	3	2	1	1	3	4	1	2	2	4	3	2	4	3	4	3	5	5	3	2	4	5	5	2	3	4	5	4	3	4	5	6	5	5	5	5	7	6	7	7	5	6	7	7	5	4	7	7	7	6	6	9	7	9	8	7	9	10	11	9	9	9	10	10	10	9	10	9	12	9	10	9	12	13	12	13	11	13	14	15	15	12	13	17	15	15	12	15	16	15	16	14	17	16	18	18	17	17	18	21	22	20	20	18	22	23	21	19	20	25	23	
Gun: ghost
Damage Tuple: [0, 21, 25, 30, 87, 105]
0	1	2	3	4	5	6	7	8	9	10	11	12	13	14	15	16	17	18	19	20	21	22	23	24	25	26	27	28	29	30	31	32	33	34	35	36	37	38	39	40	41	42	43	44	45	46	47	48	49	50	51	52	53	54	55	56	57	58	59	60	61	62	63	64	65	66	67	68	69	70	71	72	73	74	75	76	77	78	79	80	81	82	83	84	85	86	87	88	89	90	91	92	93	94	95	96	97	98	99	100	101	102	103	104	105	106	107	108	109	110	111	112	113	114	115	116	117	118	119	120	121	122	123	124	125	126	127	128	129	130	131	132	133	134	135	136	137	138	139	140	141	142	143	144	145	146	147	148	149	150	151	152	153	154	155	156	157	158	159	160	161	162	163	164	165	166	167	168	169	170	171	172	173	174	175	176	177	178	179	180	181	182	183	184	185	186	187	188	189	190	191	192	193	194	195	196	197	198	199	200	
0	0	0	0	0	0	0	0	0	0	0	0	0	0	0	0	0	0	0	0	0	0	0	0	0	0	0	0	0	0	0	0	0	0	0	0	0	0	0	0	0	0	0	0	0	0	0	0	0	0	0	0	0	0	0	0	0	0	0	0	0	0	0	0	0	0	0	0	0	0	0	0	0	0	0	0	0	0	0	0	0	0	0	0	0	0	0	0	0	0	0	0	0	0	0	0	0	0	0	0	0	0	0	0	0	0	0	0	0	0	0	0	0	0	0	0	0	0	0	0	0	0	0	0	0	0	0	0	0	0	0	0	0	0	0	0	0	0	0	0	0	0	0	0	0	0	0	0	0	0	0	0	0	0	0	0	0	0	0	0	0	0	0	0	0	0	0	0	0	0	0	0	0	0	0	0	0	0	0	0	0	0	0	0	0	0	0	0	0	0	0	0	0	0	0	0	0	0	0	0	0	
1	0	0	0	0	0	0	0	0	0	0	0	0	0	0	0	0	0	0	0	0	1	0	0	0	0	0	0	0	0	0	0	0	0	0	0	0	0	0	0	0	0	1	0	0	0	0	0	0	0	0	0	0	0	0	0	0	0	0	0	0	0	0	1	0	0	0	0	0	0	0	0	0	0	0	0	0	0	0	0	0	0	0	0	1	0	0	0	0	0	0	0	0	0	0	0	0	0	0	0	0	0	0	0	0	1	0	0	0	0	0	0	0	0	0	0	0	0	0	0	0	0	0	0	0	0	1	0	0	0	0	0	0	0	0	0	0	0	0	0	0	0	0	0	0	0	0	1	0	0	0	0	0	0	0	0	0	0	0	0	0	0	0	0	0	0	0	0	1	0	0	0	0	0	0	0	0	0	0	0	0	0	0	0	0	0	0	0	0	1	0	0	0	0	0	0	0	0	0	0	0	
1	0	0	0	0	0	0	0	0	0	0	0	0	0	0	0	0	0	0	0	0	1	0	0	0	1	0	0	0	0	0	0	0	0	0	0	0	0	0	0	0	0	1	0	0	0	1	0	0	0	1	0	0	0	0	0	0	0	0	0	0	0	0	1	0	0	0	1	0	0	0	1	0	0	0	1	0	0	0	0	0	0	0	0	1	0	0	0	1	0	0	0	1	0	0	0	1	0	0	0	1	0	0	0	0	1	0	0	0	1	0	0	0	1	0	0	0	1	0	0	0	1	0	0	0	1	1	0	0	0	1	0	0	0	1	0	0	0	1	0	0	0	1	0	0	0	1	1	0	0	1	1	0	0	0	1	0	0	0	1	0	0	0	1	0	0	0	1	1	0	0	1	1	0	0	1	1	0	0	0	1	0	0	0	1	0	0	0	1	1	0	0	1	1	0	0	1	1	0	0	1	
1	0	0	0	0	0	0	0	0	0	0	0	0	0	0	0	0	0	0	0	0	1	0	0	0	1	0	0	0	0	1	0	0	0	0	0	0	0	0	0	0	0	1	0	0	0	1	0	0	0	1	1	0	0	0	1	0	0	0	0	1	0	0	1	0	0	0	1	0	0	0	1	1	0	0	1	1	0	0	0	1	1	0	0	1	1	0	0	1	0	1	0	1	1	0	0	1	1	0	0	1	1	1	0	0	2	1	0	0	1	1	1	0	1	1	1	0	1	1	0	1	1	1	1	0	1	2	1	0	0	2	1	1	0	1	2	1	0	1	1	1	1	1	1	1	1	1	2	1	0	2	2	1	1	0	2	2	1	0	1	2	1	1	1	1	2	1	1	2	1	1	2	2	1	1	2	2	2	1	0	3	2	1	1	1	2	2	1	1	2	2	1	2	2	1	2	2	2	2	1	2	
1	0	0	0	0	0	0	0	0	0	0	0	0	0	0	0	0	0	0	0	0	1	0	0	0	1	0	0	0	0	1	0	0	0	0	0	0	0	0	0	0	0	1	0	0	0	1	0	0	0	1	1	0	0	0	1	0	0	0	0	1	0	0	1	0	0	0	1	0	0	0	1	1	0	0	1	1	0	0	0	1	1	0	0	1	1	0	1	1	0	1	0	1	1	0	0	1	1	0	0	1	1	1	0	0	2	1	0	1	1	1	1	1	1	1	1	0	2	1	0	1	1	1	1	0	1	2	1	0	1	2	1	1	1	1	2	1	1	2	1	1	1	2	1	1	1	1	3	1	0	3	2	1	1	1	2	2	1	1	2	2	1	2	2	1	2	1	2	3	1	1	3	3	1	2	3	2	3	1	1	4	2	1	2	2	2	2	2	2	3	2	1	4	3	1	3	3	3	3	2	3	
1	0	0	0	0	0	0	0	0	0	0	0	0	0	0	0	0	0	0	0	0	1	0	0	0	1	0	0	0	0	1	0	0	0	0	0	0	0	0	0	0	0	1	0	0	0	1	0	0	0	1	1	0	0	0	1	0	0	0	0	1	0	0	1	0	0	0	1	0	0	0	1	1	0	0	1	1	0	0	0	1	1	0	0	1	1	0	1	1	0	1	0	1	1	0	0	1	1	0	0	1	1	1	0	0	3	1	0	1	1	1	1	1	1	1	1	0	2	1	0	1	1	1	1	0	1	3	1	0	1	3	1	1	1	1	3	1	1	2	1	1	1	2	1	1	1	1	4	1	0	3	3	1	1	1	3	3	1	1	2	3	1	2	2	1	3	1	2	4	1	1	3	4	1	2	3	3	4	1	1	5	3	1	2	2	3	3	2	2	4	3	1	5	4	1	4	3	4	4	2	3	
Gun: sheriff
Damage Tuple: [0, 42, 46, 50, 55, 145, 159]
0	1	2	3	4	5	6	7	8	9	10	11	12	13	14	15	16	17	18	19	20	21	22	23	24	25	26	27	28	29	30	31	32	33	34	35	36	37	38	39	40	41	42	43	44	45	46	47	48	49	50	51	52	53	54	55	56	57	58	59	60	61	62	63	64	65	66	67	68	69	70	71	72	73	74	75	76	77	78	79	80	81	82	83	84	85	86	87	88	89	90	91	92	93	94	95	96	97	98	99	100	101	102	103	104	105	106	107	108	109	110	111	112	113	114	115	116	117	118	119	120	121	122	123	124	125	126	127	128	129	130	131	132	133	134	135	136	137	138	139	140	141	142	143	144	145	146	147	148	149	150	151	152	153	154	155	156	157	158	159	160	161	162	163	164	165	166	167	168	169	170	171	172	173	174	175	176	177	178	179	180	181	182	183	184	185	186	187	188	189	190	191	192	193	194	195	196	197	198	199	200	
0	0	0	0	0	0	0	0	0	0	0	0	0	0	0	0	0	0	0	0	0	0	0	0	0	0	0	0	0	0	0	0	0	0	0	0	0	0	0	0	0	0	0	0	0	0	0	0	0	0	0	0	0	0	0	0	0	0	0	0	0	0	0	0	0	0	0	0	0	0	0	0	0	0	0	0	0	0	0	0	0	0	0	0	0	0	0	0	0	0	0	0	0	0	0	0	0	0	0	0	0	0	0	0	0	0	0	0	0	0	0	0	0	0	0	0	0	0	0	0	0	0	0	0	0	0	0	0	0	0	0	0	0	0	0	0	0	0	0	0	0	0	0	0	0	0	0	0	0	0	0	0	0	0	0	0	0	0	0	0	0	0	0	0	0	0	0	0	0	0	0	0	0	0	0	0	0	0	0	0	0	0	0	0	0	0	0	0	0	0	0	0	0	0	0	0	0	0	0	0	0	
1	0	0	0	0	0	0	0	0	0	0	0	0	0	0	0	0	0	0	0	0	0	0	0	0	0	0	0	0	0	0	0	0	0	0	0	0	0	0	0	0	0	1	0	0	0	0	0	0	0	0	0	0	0	0	0	0	0	0	0	0	0	0	0	0	0	0	0	0	0	0	0	0	0	0	0	0	0	0	0	0	0	0	0	1	0	0	0	0	0	0	0	0	0	0	0	0	0	0	0	0	0	0	0	0	0	0	0	0	0	0	0	0	0	0	0	0	0	0	0	0	0	0	0	0	0	1	0	0	0	0	0	0	0	0	0	0	0	0	0	0	0	0	0	0	0	0	0	0	0	0	0	0	0	0	0	0	0	0	0	0	0	0	0	0	0	0	0	1	0	0	0	0	0	0	0	0	0	0	0	0	0	0	0	0	0	0	0	0	0	0	0	0	0	0	0	0	0	0	0	0	
1	0	0	0	0	0	0	0	0	0	0	0	0	0	0	0	0	0	0	0	0	0	0	0	0	0	0	0	0	0	0	0	0	0	0	0	0	0	0	0	0	0	1	0	0	0	1	0	0	0	0	0	0	0	0	0	0	0	0	0	0	0	0	0	0	0	0	0	0	0	0	0	0	0	0	0	0	0	0	0	0	0	0	0	1	0	0	0	1	0	0	0	1	0	0	0	0	0	0	0	0	0	0	0	0	0	0	0	0	0	0	0	0	0	0	0	0	0	0	0	0	0	0	0	0	0	1	0	0	0	1	0	0	0	1	0	0	0	1	0	0	0	0	0	0	0	0	0	0	0	0	0	0	0	0	0	0	0	0	0	0	0	0	0	0	0	0	0	1	0	0	0	1	0	0	0	1	0	0	0	1	0	0	0	1	0	0	0	0	0	0	0	0	0	0	0	0	0	0	0	0	
1	0	0	0	0	0	0	0	0	0	0	0	0	0	0	0	0	0	0	0	0	0	0	0	0	0	0	0	0	0	0	0	0	0	0	0	0	0	0	0	0	0	1	0	0	0	1	0	0	0	1	0	0	0	0	0	0	0	0	0	0	0	0	0	0	0	0	0	0	0	0	0	0	0	0	0	0	0	0	0	0	0	0	0	1	0	0	0	1	0	0	0	2	0	0	0	1	0	0	0	1	0	0	0	0	0	0	0	0	0	0	0	0	0	0	0	0	0	0	0	0	0	0	0	0	0	1	0	0	0	1	0	0	0	2	0	0	0	2	0	0	0	2	0	0	0	1	0	0	0	1	0	0	0	0	0	0	0	0	0	0	0	0	0	0	0	0	0	1	0	0	0	1	0	0	0	2	0	0	0	2	0	0	0	3	0	0	0	2	0	0	0	2	0	0	0	1	0	0	0	1	
1	0	0	0	0	0	0	0	0	0	0	0	0	0	0	0	0	0	0	0	0	0	0	0	0	0	0	0	0	0	0	0	0	0	0	0	0	0	0	0	0	0	1	0	0	0	1	0	0	0	1	0	0	0	0	1	0	0	0	0	0	0	0	0	0	0	0	0	0	0	0	0	0	0	0	0	0	0	0	0	0	0	0	0	1	0	0	0	1	0	0	0	2	0	0	0	1	1	0	0	1	1	0	0	0	1	0	0	0	0	1	0	0	0	0	0	0	0	0	0	0	0	0	0	0	0	1	0	0	0	1	0	0	0	2	0	0	0	2	1	0	0	2	1	0	0	1	2	0	0	1	1	1	0	0	1	1	0	0	0	1	0	0	0	0	1	0	0	1	0	0	0	1	0	0	0	2	0	0	0	2	1	0	0	3	1	0	0	2	2	0	0	2	2	1	0	1	2	1	0	1	
1	0	0	0	0	0	0	0	0	0	0	0	0	0	0	0	0	0	0	0	0	0	0	0	0	0	0	0	0	0	0	0	0	0	0	0	0	0	0	0	0	0	1	0	0	0	1	0	0	0	1	0	0	0	0	1	0	0	0	0	0	0	0	0	0	0	0	0	0	0	0	0	0	0	0	0	0	0	0	0	0	0	0	0	1	0	0	0	1	0	0	0	2	0	0	0	1	1	0	0	1	1	0	0	0	1	0	0	0	0	1	0	0	0	0	0	0	0	0	0	0	0	0	0	0	0	1	0	0	0	1	0	0	0	2	0	0	0	2	1	0	0	2	1	0	1	1	2	0	0	1	1	1	0	0	1	1	0	0	0	1	0	0	0	0	1	0	0	1	0	0	0	1	0	0	0	2	0	0	0	2	1	0	0	3	1	0	1	2	2	0	1	2	2	1	1	1	2	1	0	2	
1	0	0	0	0	0	0	0	0	0	0	0	0	0	0	0	0	0	0	0	0	0	0	0	0	0	0	0	0	0	0	0	0	0	0	0	0	0	0	0	0	0	1	0	0	0	1	0	0	0	1	0	0	0	0	1	0	0	0	0	0	0	0	0	0	0	0	0	0	0	0	0	0	0	0	0	0	0	0	0	0	0	0	0	1	0	0	0	1	0	0	0	2	0	0	0	1	1	0	0	1	1	0	0	0	1	0	0	0	0	1	0	0	0	0	0	0	0	0	0	0	0	0	0	0	0	1	0	0	0	1	0	0	0	2	0	0	0	2	1	0	0	2	1	0	1	1	2	0	0	1	1	1	0	0	1	1	0	0	1	1	0	0	0	0	1	0	0	1	0	0	0	1	0	0	0	2	0	0	0	2	1	0	0	3	1	0	1	2	2	0	1	2	2	1	1	1	2	1	0	2	
